2	0
2	-0.003125
2	-0.00616211
1.99999	-0.00911379
1.99997	-0.0119825
1.99995	-0.0147704
1.99993	-0.0174799
1.9999	-0.0201133
1.99987	-0.0226725
1.99984	-0.0251597
1.9998	-0.027577
1.99975	-0.0299263
1.99971	-0.0322095
1.99966	-0.0344285
1.9996	-0.0365851
1.99954	-0.0386811
1.99948	-0.0407181
1.99942	-0.0426979
1.99935	-0.0446221
1.99928	-0.0464921
1.99921	-0.0483097
1.99914	-0.0500762
1.99898	-0.0535099
1.99881	-0.0567509
1.99864	-0.05981
1.99845	-0.0626975
1.99825	-0.0654233
1.99805	-0.0679963
1.99784	-0.0704254
1.99762	-0.0727186
1.99739	-0.0748837
1.99715	-0.076928
1.99691	-0.0788583
1.99667	-0.0806811
1.99642	-0.0824026
1.99616	-0.0840283
1.99589	-0.0855639
1.99563	-0.0870145
1.99536	-0.0883847
1.99508	-0.0896793
1.9948	-0.0909025
1.99452	-0.0920584
1.99423	-0.0931508
1.99394	-0.0941833
1.99364	-0.0951593
1.99334	-0.0960821
1.99304	-0.0969545
1.99244	-0.0986046
1.99182	-0.100076
1.9912	-0.101389
1.99056	-0.102561
1.98992	-0.103609
1.98927	-0.104546
1.98862	-0.105385
1.98796	-0.106138
1.9873	-0.106813
1.98663	-0.10742
1.98596	-0.107966
1.98529	-0.108459
1.98393	-0.109349
1.98256	-0.11007
1.98119	-0.110659
1.9798	-0.111147
1.97841	-0.111557
1.97702	-0.111905
1.97422	-0.112507
1.97141	-0.112964
1.96859	-0.113339
1.96292	-0.114002
1.95722	-0.114572
1.94576	-0.115702
1.93419	-0.116871
1.9225	-0.118077
1.9107	-0.119324
1.89876	-0.120614
1.8867	-0.121949
1.87451	-0.123332
1.86217	-0.124765
1.8497	-0.126253
1.83707	-0.127799
1.82429	-0.129405
1.81135	-0.131078
1.79824	-0.13282
1.78496	-0.134638
1.7715	-0.136536
1.75784	-0.138521
1.75092	-0.13956
1.74394	-0.140618
1.73691	-0.141701
1.72982	-0.142809
1.72268	-0.143945
1.71549	-0.14511
1.70823	-0.146304
1.70092	-0.14753
1.69354	-0.148788
1.6861	-0.150081
1.6786	-0.151409
1.67103	-0.152775
1.66339	-0.154179
1.65568	-0.155625
1.6479	-0.157113
1.64004	-0.158647
1.63211	-0.160227
1.6241	-0.161858
1.616	-0.163541
1.60783	-0.165279
1.59956	-0.167075
1.59121	-0.168932
1.58276	-0.170854
1.57422	-0.172844
1.56558	-0.174907
1.55683	-0.177047
1.54798	-0.179269
1.53902	-0.181577
1.52994	-0.183977
1.52074	-0.186476
1.51142	-0.18908
1.50196	-0.191796
1.49237	-0.194631
1.48264	-0.197596
1.47276	-0.200699
1.46273	-0.20395
1.45253	-0.207362
1.44216	-0.210947
1.43689	-0.212833
1.43157	-0.214767
1.4262	-0.21675
1.42078	-0.218786
1.41531	-0.220877
1.40979	-0.223025
1.40421	-0.225234
1.39858	-0.227507
1.39289	-0.229846
1.38715	-0.232255
1.38134	-0.234737
1.37547	-0.237296
1.36954	-0.239935
1.36354	-0.242659
1.35747	-0.245472
1.35134	-0.248379
1.34513	-0.251384
1.33884	-0.254493
1.33248	-0.257711
1.32604	-0.261045
1.31951	-0.2645
1.3129	-0.268084
1.3062	-0.271805
1.2994	-0.275669
1.29251	-0.279687
1.28552	-0.283867
1.27842	-0.288219
1.27122	-0.292754
1.26756	-0.295119
1.26387	-0.297535
1.26015	-0.300003
1.2564	-0.302526
1.25262	-0.305104
1.2488	-0.30774
1.24496	-0.310437
1.24108	-0.313195
1.23716	-0.316018
1.23321	-0.318907
1.22922	-0.321865
1.2252	-0.324895
1.22114	-0.328
1.21704	-0.331181
1.2129	-0.334442
1.20872	-0.337786
1.2045	-0.341216
1.20023	-0.344735
1.19592	-0.348347
1.19157	-0.352056
1.18717	-0.355865
1.18272	-0.359779
1.17822	-0.363801
1.17367	-0.367937
1.16908	-0.37219
1.16442	-0.376567
1.15972	-0.381071
1.15495	-0.385709
1.15013	-0.390486
1.14525	-0.395409
1.14031	-0.400484
1.1353	-0.405718
1.13023	-0.411118
1.12509	-0.416692
1.11988	-0.422448
1.1146	-0.428395
1.11192	-0.431468
1.10923	-0.434593
1.10651	-0.437771
1.10378	-0.441003
1.10102	-0.444291
1.09824	-0.447636
1.09544	-0.45104
1.09263	-0.454504
1.08978	-0.458029
1.08692	-0.461618
1.08404	-0.465271
1.08113	-0.46899
1.0782	-0.472778
1.07524	-0.476635
1.07226	-0.480565
1.06926	-0.484568
1.06623	-0.488646
1.06318	-0.492803
1.0601	-0.497039
1.05699	-0.501357
1.05386	-0.505759
1.0507	-0.510247
1.04751	-0.514825
1.04429	-0.519494
1.04104	-0.524257
1.03777	-0.529117
1.03446	-0.534076
1.03112	-0.539137
1.02775	-0.544303
1.02435	-0.549578
1.02092	-0.554964
1.01745	-0.560466
1.01394	-0.566085
1.01041	-0.571826
1.00683	-0.577692
1.00322	-0.583688
0.999573	-0.589817
0.995887	-0.596083
0.992162	-0.602491
0.988396	-0.609045
0.984589	-0.615749
0.980741	-0.622609
0.97685	-0.629629
0.972915	-0.636815
0.968934	-0.644172
0.964908	-0.651705
0.960835	-0.659421
0.956714	-0.667325
0.954628	-0.671375
0.95253	-0.675474
0.95042	-0.679625
0.948296	-0.683827
0.946159	-0.688082
0.944009	-0.692391
0.941845	-0.696754
0.939667	-0.701173
0.937476	-0.705648
0.935271	-0.71018
0.933052	-0.714771
0.930818	-0.719421
0.92857	-0.724132
0.926307	-0.728904
0.924029	-0.733739
0.921736	-0.738637
0.919428	-0.743601
0.917104	-0.74863
0.914765	-0.753727
0.912409	-0.758892
0.910038	-0.764127
0.90765	-0.769432
0.905246	-0.77481
0.902824	-0.780262
0.900386	-0.785789
0.89793	-0.791391
0.895457	-0.797072
0.892966	-0.802832
0.890458	-0.808672
0.88793	-0.814595
0.885385	-0.820601
0.88282	-0.826693
0.880237	-0.832872
0.877634	-0.839139
0.875012	-0.845496
0.87237	-0.851946
0.869707	-0.858489
0.867025	-0.865129
0.864321	-0.871865
0.861597	-0.878701
0.858851	-0.885639
0.856083	-0.89268
0.853293	-0.899826
0.850481	-0.90708
0.847647	-0.914443
0.844789	-0.921919
0.841908	-0.929508
0.839003	-0.937214
0.836075	-0.945039
0.833121	-0.952985
0.830143	-0.961054
0.82714	-0.96925
0.824111	-0.977575
0.821056	-0.986031
0.817975	-0.994621
0.814867	-1.00335
0.811731	-1.01222
0.808568	-1.02123
0.805377	-1.03038
0.802157	-1.03969
0.798908	-1.04915
0.795629	-1.05876
0.792321	-1.06853
0.788981	-1.07846
0.785611	-1.08856
0.782209	-1.09883
0.778776	-1.10927
0.775309	-1.11989
0.771809	-1.13069
0.768276	-1.14167
0.764708	-1.15284
0.761106	-1.16421
0.759287	-1.16999
0.757459	-1.17582
0.755621	-1.1817
0.753775	-1.18764
0.751919	-1.19362
0.750054	-1.19966
0.74818	-1.20575
0.746296	-1.2119
0.744402	-1.2181
0.742499	-1.22435
0.740586	-1.23066
0.738663	-1.23703
0.73673	-1.24345
0.734787	-1.24994
0.732834	-1.25648
0.730871	-1.26307
0.728897	-1.26973
0.726913	-1.27645
0.724919	-1.28323
0.722914	-1.29007
0.720898	-1.29697
0.718872	-1.30394
0.716834	-1.31097
0.714786	-1.31807
0.712726	-1.32523
0.710656	-1.33245
0.708574	-1.33975
0.70648	-1.34711
0.704375	-1.35454
0.702259	-1.36204
0.700131	-1.3696
0.697991	-1.37724
0.695839	-1.38496
0.693675	-1.39274
0.691499	-1.4006
0.68931	-1.40853
0.687109	-1.41654
0.684896	-1.42462
0.68267	-1.43278
0.680431	-1.44102
0.67818	-1.44934
0.675915	-1.45774
0.673638	-1.46622
0.671347	-1.47478
0.669042	-1.48342
0.666724	-1.49215
0.664393	-1.50096
0.662048	-1.50986
0.659688	-1.51884
0.657315	-1.52792
0.654928	-1.53708
0.652526	-1.54633
0.65011	-1.55568
0.647679	-1.56511
0.645234	-1.57464
0.642773	-1.58427
0.640298	-1.59399
0.637807	-1.60381
0.635301	-1.61372
0.63278	-1.62374
0.630243	-1.63385
0.62769	-1.64407
0.625121	-1.65439
0.622536	-1.66482
0.619935	-1.67535
0.617317	-1.68599
0.614683	-1.69673
0.612032	-1.70759
0.609364	-1.71856
0.606678	-1.72964
0.603976	-1.74084
0.601256	-1.75215
0.598518	-1.76357
0.595762	-1.77512
0.592989	-1.78679
0.590197	-1.79857
0.587387	-1.81048
0.584558	-1.82252
0.58171	-1.83468
0.578843	-1.84697
0.575958	-1.85939
0.573052	-1.87194
0.570127	-1.88462
0.567183	-1.89743
0.564218	-1.91039
0.561233	-1.92348
0.558227	-1.93671
0.555201	-1.95008
0.552154	-1.96359
0.549086	-1.97725
0.545997	-1.99106
0.542886	-2.00501
0.539753	-2.01912
0.536598	-2.03337
0.533421	-2.04779
0.530221	-2.06235
0.526999	-2.07708
0.523753	-2.09197
0.520485	-2.10702
0.517192	-2.12224
0.513876	-2.13762
0.510536	-2.15317
0.507172	-2.16889
0.503783	-2.18479
0.500369	-2.20086
0.496931	-2.21711
0.493466	-2.23354
0.489977	-2.25015
0.486461	-2.26694
0.482919	-2.28393
0.47935	-2.3011
0.475754	-2.31847
0.472132	-2.33602
0.468482	-2.35378
0.466643	-2.36276
0.464797	-2.37179
0.462944	-2.38087
0.461084	-2.39
0.459217	-2.39918
0.457342	-2.40841
0.455461	-2.4177
0.453572	-2.42703
0.451676	-2.43643
0.449772	-2.44587
0.447862	-2.45537
0.445943	-2.46492
0.444018	-2.47452
0.442084	-2.48418
0.440144	-2.4939
0.438195	-2.50366
0.436239	-2.51349
0.434276	-2.52337
0.432304	-2.53331
0.430325	-2.5433
0.428338	-2.55335
0.426343	-2.56346
0.424341	-2.57362
0.42233	-2.58385
0.420311	-2.59413
0.418285	-2.60447
0.41625	-2.61487
0.414207	-2.62533
0.412156	-2.63584
0.410097	-2.64642
0.408029	-2.65706
0.405954	-2.66776
0.403869	-2.67852
0.401777	-2.68935
0.399676	-2.70023
0.397566	-2.71118
0.395448	-2.72219
0.393321	-2.73326
0.391186	-2.7444
0.389042	-2.7556
0.386889	-2.76687
0.384727	-2.7782
0.382557	-2.78959
0.380378	-2.80106
0.378189	-2.81258
0.375992	-2.82418
0.373786	-2.83584
0.37157	-2.84757
0.369345	-2.85936
0.367112	-2.87122
0.364868	-2.88316
0.362616	-2.89516
0.360354	-2.90723
0.358083	-2.91937
0.355802	-2.93158
0.353512	-2.94386
0.351212	-2.95621
0.348902	-2.96863
0.346583	-2.98112
0.344254	-2.99369
0.341915	-3.00633
0.339567	-3.01904
0.337208	-3.03183
0.334839	-3.04468
0.332461	-3.05762
0.330072	-3.07063
0.327673	-3.08371
0.325264	-3.09687
0.322844	-3.1101
0.320415	-3.12341
0.317974	-3.1368
0.315524	-3.15027
0.313063	-3.16381
0.310591	-3.17743
0.308109	-3.19113
0.305616	-3.20491
0.303112	-3.21877
0.300597	-3.23271
0.298071	-3.24673
0.295535	-3.26083
0.292987	-3.27501
0.290429	-3.28927
0.287859	-3.30362
0.285278	-3.31804
0.282686	-3.33255
0.280082	-3.34715
0.277467	-3.36183
0.274841	-3.37659
0.272203	-3.39143
0.269553	-3.40637
0.266892	-3.42138
0.264219	-3.43649
0.261535	-3.45168
0.258838	-3.46696
0.256129	-3.48232
0.253409	-3.49777
0.250676	-3.51331
0.247931	-3.52894
0.245174	-3.54466
0.242405	-3.56047
0.239624	-3.57637
0.236829	-3.59236
0.234023	-3.60844
0.231204	-3.62461
0.228372	-3.64087
0.225528	-3.65723
0.22267	-3.67367
0.2198	-3.69022
0.216917	-3.70685
0.214021	-3.72358
0.211112	-3.7404
0.20819	-3.75732
0.205255	-3.77433
0.202306	-3.79143
0.199344	-3.80864
0.196369	-3.82594
0.19338	-3.84333
0.190377	-3.86083
0.187361	-3.87842
0.184331	-3.8961
0.181287	-3.91389
0.178229	-3.93178
0.175157	-3.94976
0.172072	-3.96784
0.168972	-3.98603
0.165858	-4.00431
0.162729	-4.02269
0.159587	-4.04118
0.156429	-4.05976
0.153258	-4.07845
0.150071	-4.09724
0.14687	-4.11613
0.143655	-4.13512
0.140424	-4.15422
0.137179	-4.17341
0.133918	-4.19272
0.130643	-4.21212
0.127352	-4.23163
0.124046	-4.25125
0.120725	-4.27096
0.117388	-4.29079
0.114036	-4.31071
0.110668	-4.33075
0.107285	-4.35088
0.103886	-4.37113
0.100471	-4.39148
0.0970398	-4.41193
0.093593	-4.4325
0.0901301	-4.45316
0.0866511	-4.47394
0.0831558	-4.49482
0.0796442	-4.51581
0.0761162	-4.53691
0.0725718	-4.55811
0.0690108	-4.57942
0.0654331	-4.60084
0.0618387	-4.62236
0.0582275	-4.64399
0.0545993	-4.66573
0.0509542	-4.68758
0.0472921	-4.70954
0.0436127	-4.7316
0.0399162	-4.75377
0.0362023	-4.77605
0.032471	-4.79844
0.0287222	-4.82093
0.0249559	-4.84354
0.0211718	-4.86624
0.0173701	-4.88906
0.0135505	-4.91199
0.00971302	-4.93502
0.00585754	-4.95816
0.00198398	-4.9814
-0.00190774	-5.00475
-0.0058177	-5.02821
-0.00974599	-5.05178
-0.0136927	-5.07545
-0.0176579	-5.09922
-0.0216416	-5.1231
-0.0256441	-5.14709
-0.0296652	-5.17118
-0.0337052	-5.19538
-0.0377641	-5.21967
-0.041842	-5.24408
-0.0459389	-5.26858
-0.050055	-5.29319
-0.0541903	-5.3179
-0.0583449	-5.34271
-0.0625189	-5.36763
-0.0667124	-5.39264
-0.0709254	-5.41775
-0.075158	-5.44297
-0.0794103	-5.46828
-0.0836824	-5.49369
-0.0879743	-5.51919
-0.0922862	-5.5448
-0.0966181	-5.57049
-0.10097	-5.59629
-0.105342	-5.62217
-0.109734	-5.64815
-0.114147	-5.67422
-0.11858	-5.70038
-0.123033	-5.72664
-0.127507	-5.75298
-0.132002	-5.77941
-0.136517	-5.80592
-0.141053	-5.83252
-0.14561	-5.85921
-0.150187	-5.88598
-0.154786	-5.91283
-0.159405	-5.93976
-0.164045	-5.96677
-0.168707	-5.99386
-0.17339	-6.02103
-0.178094	-6.04826
-0.182819	-6.07558
-0.187565	-6.10296
-0.192333	-6.13042
-0.197123	-6.15794
-0.201934	-6.18553
-0.206766	-6.21318
-0.21162	-6.2409
-0.216496	-6.26868
-0.221393	-6.29652
-0.226312	-6.32441
-0.231253	-6.35236
-0.236216	-6.38037
-0.241201	-6.40842
-0.251214	-6.46463
-0.261315	-6.52102
-0.271504	-6.57757
-0.281781	-6.63426
-0.292147	-6.69108
-0.302602	-6.748
-0.313146	-6.805
-0.323779	-6.86205
-0.334501	-6.91913
-0.345312	-6.97622
-0.356212	-7.03328
-0.367202	-7.09029
-0.37828	-7.14723
-0.389448	-7.20406
-0.400704	-7.26074
-0.406377	-7.289
-0.412071	-7.31721
-0.417788	-7.34536
-0.423526	-7.37345
-0.429287	-7.40149
-0.435069	-7.42945
-0.440873	-7.45735
-0.4467	-7.48516
-0.452547	-7.5129
-0.458417	-7.54055
-0.464308	-7.56811
-0.47022	-7.59558
-0.476154	-7.62294
-0.48211	-7.6502
-0.488087	-7.67735
-0.494085	-7.70438
-0.500104	-7.73129
-0.506144	-7.75808
-0.512205	-7.78473
-0.518286	-7.81125
-0.524389	-7.83763
-0.530512	-7.86385
-0.536656	-7.88992
-0.54282	-7.91584
-0.549004	-7.94159
-0.555208	-7.96716
-0.561433	-7.99256
-0.567677	-8.01778
-0.573941	-8.04281
-0.577083	-8.05523
-0.580229	-8.06759
-0.583381	-8.07991
-0.586537	-8.09217
-0.589698	-8.10439
-0.592864	-8.11654
-0.596034	-8.12865
-0.599209	-8.1407
-0.602389	-8.1527
-0.605574	-8.16463
-0.608763	-8.17652
-0.611957	-8.18834
-0.615156	-8.20011
-0.618359	-8.21181
-0.621567	-8.22346
-0.624779	-8.23504
-0.627996	-8.24656
-0.631217	-8.25802
-0.634443	-8.26942
-0.637673	-8.28075
-0.640908	-8.29202
-0.644147	-8.30322
-0.64739	-8.31436
-0.650638	-8.32542
-0.65389	-8.33642
-0.657147	-8.34735
-0.660407	-8.35821
-0.663672	-8.369
-0.666941	-8.37971
-0.670215	-8.39036
-0.673492	-8.40093
-0.676774	-8.41142
-0.68006	-8.42184
-0.683349	-8.43219
-0.686643	-8.44245
-0.689941	-8.45264
-0.693243	-8.46275
-0.696549	-8.47278
-0.699858	-8.48274
-0.703172	-8.49261
-0.706489	-8.50239
-0.70981	-8.5121
-0.713135	-8.52172
-0.716464	-8.53126
-0.719797	-8.54071
-0.723133	-8.55007
-0.726473	-8.55935
-0.729816	-8.56854
-0.733163	-8.57764
-0.736514	-8.58665
-0.739868	-8.59557
-0.743226	-8.6044
-0.746587	-8.61314
-0.749952	-8.62178
-0.753319	-8.63033
-0.756691	-8.63879
-0.760065	-8.64714
-0.763443	-8.65541
-0.766824	-8.66357
-0.770208	-8.67164
-0.773596	-8.6796
-0.776986	-8.68747
-0.78038	-8.69524
-0.783776	-8.7029
-0.787176	-8.71046
-0.790578	-8.71792
-0.793984	-8.72527
-0.797392	-8.73252
-0.800803	-8.73966
-0.804217	-8.7467
-0.807634	-8.75362
-0.811053	-8.76044
-0.814475	-8.76715
-0.8179	-8.77375
-0.821327	-8.78024
-0.824757	-8.78661
-0.828189	-8.79288
-0.831624	-8.79903
-0.835061	-8.80506
-0.8385	-8.81098
-0.841942	-8.81678
-0.845386	-8.82247
-0.848833	-8.82804
-0.852281	-8.83349
-0.855732	-8.83882
-0.859184	-8.84404
-0.862639	-8.84913
-0.866096	-8.8541
-0.869554	-8.85894
-0.873015	-8.86367
-0.876477	-8.86827
-0.879941	-8.87274
-0.883407	-8.87709
-0.886875	-8.88132
-0.890344	-8.88541
-0.893815	-8.88938
-0.897287	-8.89322
-0.900761	-8.89693
-0.904237	-8.90052
-0.907713	-8.90397
-0.911192	-8.90729
-0.914671	-8.91047
-0.918152	-8.91353
-0.921633	-8.91645
-0.925116	-8.91924
-0.928601	-8.92189
-0.932086	-8.92441
-0.935572	-8.92679
-0.939059	-8.92903
-0.942547	-8.93114
-0.946035	-8.9331
-0.949525	-8.93493
-0.953015	-8.93662
-0.956506	-8.93817
-0.959997	-8.93958
-0.963489	-8.94085
-0.966982	-8.94198
-0.970475	-8.94296
-0.973968	-8.9438
-0.977462	-8.9445
-0.980956	-8.94505
-0.98445	-8.94546
-0.987944	-8.94572
-0.991439	-8.94583
-0.994933	-8.94581
-0.998428	-8.94563
-1.00192	-8.9453
-1.00542	-8.94483
-1.00891	-8.94421
-1.0124	-8.94344
-1.0159	-8.94252
-1.01939	-8.94146
-1.02288	-8.94024
-1.02638	-8.93887
-1.02987	-8.93735
-1.03336	-8.93567
-1.03685	-8.93385
-1.04034	-8.93187
-1.04383	-8.92974
-1.04732	-8.92746
-1.0508	-8.92503
-1.05429	-8.92244
-1.05778	-8.91969
-1.06126	-8.91679
-1.06474	-8.91374
-1.06822	-8.91053
-1.07171	-8.90717
-1.07518	-8.90365
-1.07866	-8.89997
-1.08214	-8.89614
-1.08561	-8.89215
-1.08909	-8.888
-1.09256	-8.8837
-1.09603	-8.87924
-1.0995	-8.87463
-1.10296	-8.86985
-1.10643	-8.86492
-1.10989	-8.85983
-1.11335	-8.85458
-1.11681	-8.84917
-1.12027	-8.84361
-1.12372	-8.83789
-1.12718	-8.832
-1.13063	-8.82596
-1.13407	-8.81977
-1.13752	-8.81341
-1.14096	-8.80689
-1.1444	-8.80022
-1.14784	-8.79338
-1.15127	-8.78639
-1.15471	-8.77924
-1.15814	-8.77193
-1.16156	-8.76446
-1.16499	-8.75683
-1.16841	-8.74905
-1.17182	-8.7411
-1.17524	-8.733
-1.17865	-8.72474
-1.18206	-8.71632
-1.18546	-8.70774
-1.18886	-8.69901
-1.19226	-8.69011
-1.19566	-8.68106
-1.19905	-8.67186
-1.20244	-8.66249
-1.20582	-8.65297
-1.2092	-8.64329
-1.21258	-8.63346
-1.21595	-8.62346
-1.21932	-8.61332
-1.22268	-8.60302
-1.22604	-8.59256
-1.2294	-8.58195
-1.23275	-8.57118
-1.2361	-8.56026
-1.23944	-8.54918
-1.24278	-8.53795
-1.24612	-8.52657
-1.24945	-8.51504
-1.25277	-8.50335
-1.2561	-8.49151
-1.25941	-8.47953
-1.26272	-8.46738
-1.26603	-8.45509
-1.26934	-8.44265
-1.27263	-8.43006
-1.27593	-8.41732
-1.27921	-8.40444
-1.2825	-8.3914
-1.28578	-8.37822
-1.28905	-8.36489
-1.29232	-8.35141
-1.29558	-8.33779
-1.29883	-8.32403
-1.30209	-8.31012
-1.30533	-8.29606
-1.30857	-8.28187
-1.31181	-8.26753
-1.31504	-8.25305
-1.31826	-8.23843
-1.32148	-8.22367
-1.32469	-8.20877
-1.3279	-8.19373
-1.3311	-8.17855
-1.33429	-8.16324
-1.33748	-8.14778
-1.34067	-8.1322
-1.34384	-8.11648
-1.34701	-8.10062
-1.35018	-8.08463
-1.35333	-8.06851
-1.35649	-8.05226
-1.35963	-8.03587
-1.36277	-8.01936
-1.3659	-8.00272
-1.36903	-7.98595
-1.37215	-7.96905
-1.37526	-7.95202
-1.37837	-7.93487
-1.38147	-7.9176
-1.38456	-7.9002
-1.38765	-7.88268
-1.39073	-7.86504
-1.3938	-7.84728
-1.39686	-7.82939
-1.39992	-7.81139
-1.40297	-7.79328
-1.40602	-7.77504
-1.40905	-7.75669
-1.41208	-7.73822
-1.41511	-7.71965
-1.41812	-7.70095
-1.42113	-7.68215
-1.42413	-7.66324
-1.42713	-7.64421
-1.43011	-7.62508
-1.43309	-7.60585
-1.43606	-7.5865
-1.43902	-7.56705
-1.44198	-7.5475
-1.44493	-7.52784
-1.44787	-7.50809
-1.4508	-7.48823
-1.45373	-7.46827
-1.45664	-7.44822
-1.45955	-7.42807
-1.46246	-7.40782
-1.46535	-7.38747
-1.46823	-7.36704
-1.47111	-7.34651
-1.47398	-7.32589
-1.47684	-7.30518
-1.4797	-7.28438
-1.48254	-7.2635
-1.48538	-7.24252
-1.48821	-7.22146
-1.49103	-7.20032
-1.49384	-7.1791
-1.49665	-7.15779
-1.49944	-7.13641
-1.50223	-7.11494
-1.50501	-7.0934
-1.50778	-7.07178
-1.51054	-7.05008
-1.5133	-7.02831
-1.51604	-7.00647
-1.51878	-6.98456
-1.52151	-6.96258
-1.52423	-6.94052
-1.52694	-6.9184
-1.52964	-6.89621
-1.53234	-6.87396
-1.53502	-6.85164
-1.5377	-6.82927
-1.54036	-6.80682
-1.54302	-6.78432
-1.54567	-6.76176
-1.54831	-6.73914
-1.55095	-6.71647
-1.55357	-6.69374
-1.55619	-6.67096
-1.55879	-6.64812
-1.56139	-6.62523
-1.56398	-6.60229
-1.56913	-6.55632
-1.57426	-6.51016
-1.57934	-6.46382
-1.58439	-6.4173
-1.58941	-6.37064
-1.59438	-6.32382
-1.59932	-6.27686
-1.60423	-6.22978
-1.60909	-6.18257
-1.61392	-6.13526
-1.61872	-6.08785
-1.62347	-6.04034
-1.62819	-5.99276
-1.63287	-5.94511
-1.63752	-5.8974
-1.64213	-5.84964
-1.65127	-5.75403
-1.66026	-5.65831
-1.6691	-5.56254
-1.67779	-5.4668
-1.68633	-5.37116
-1.69053	-5.32342
-1.69469	-5.27574
-1.69881	-5.22812
-1.70289	-5.18058
-1.70694	-5.13311
-1.71095	-5.08573
-1.71492	-5.03845
-1.71886	-4.99127
-1.72276	-4.9442
-1.72662	-4.89724
-1.73045	-4.85041
-1.73424	-4.80372
-1.73799	-4.75715
-1.74171	-4.71074
-1.74539	-4.66447
-1.74903	-4.61837
-1.75264	-4.57242
-1.75621	-4.52665
-1.75975	-4.48105
-1.76325	-4.43564
-1.76671	-4.39041
-1.77014	-4.34537
-1.77184	-4.32295
-1.77353	-4.30058
-1.77521	-4.27827
-1.77688	-4.256
-1.77854	-4.23379
-1.7802	-4.21163
-1.78184	-4.18952
-1.78348	-4.16747
-1.78511	-4.14547
-1.78673	-4.12353
-1.78834	-4.10164
-1.78994	-4.07981
-1.79153	-4.05804
-1.79312	-4.03632
-1.7947	-4.01467
-1.79626	-3.99307
-1.79782	-3.97153
-1.79937	-3.95005
-1.80092	-3.92863
-1.80245	-3.90727
-1.80398	-3.88597
-1.8055	-3.86473
-1.80701	-3.84356
-1.80851	-3.82245
-1.81	-3.8014
-1.81149	-3.78041
-1.81296	-3.75949
-1.81443	-3.73863
-1.81589	-3.71784
-1.81734	-3.69711
-1.81879	-3.67645
-1.82022	-3.65585
-1.82165	-3.63532
-1.82307	-3.61485
-1.82448	-3.59445
-1.82589	-3.57412
-1.82728	-3.55386
-1.82867	-3.53366
-1.83005	-3.51354
-1.83143	-3.49348
-1.83279	-3.47349
-1.83415	-3.45356
-1.8355	-3.43371
-1.83684	-3.41393
-1.83817	-3.39422
-1.8395	-3.37457
-1.84081	-3.355
-1.84213	-3.3355
-1.84343	-3.31607
-1.84472	-3.29671
-1.84601	-3.27742
-1.84729	-3.25821
-1.84856	-3.23906
-1.84983	-3.21999
-1.85109	-3.20099
-1.85234	-3.18206
-1.85358	-3.16321
-1.85482	-3.14443
-1.85604	-3.12572
-1.85727	-3.10708
-1.85848	-3.08852
-1.85969	-3.07003
-1.86089	-3.05161
-1.86208	-3.03327
-1.86326	-3.015
-1.86444	-2.99681
-1.86561	-2.97869
-1.86677	-2.96064
-1.86793	-2.94267
-1.86908	-2.92477
-1.87022	-2.90695
-1.87136	-2.8892
-1.87249	-2.87153
-1.87361	-2.85393
-1.87472	-2.83641
-1.87583	-2.81896
-1.87693	-2.80158
-1.87803	-2.78429
-1.87911	-2.76706
-1.88019	-2.74991
-1.88127	-2.73284
-1.88234	-2.71584
-1.8834	-2.69892
-1.88445	-2.68207
-1.8855	-2.6653
-1.88654	-2.6486
-1.88758	-2.63198
-1.8886	-2.61543
-1.88962	-2.59896
-1.89064	-2.58256
-1.89165	-2.56624
-1.89265	-2.54999
-1.89365	-2.53382
-1.89464	-2.51772
-1.89562	-2.5017
-1.8966	-2.48576
-1.89757	-2.46988
-1.89853	-2.45409
-1.89949	-2.43837
-1.90044	-2.42272
-1.90139	-2.40715
-1.90233	-2.39165
-1.90327	-2.37623
-1.90419	-2.36088
-1.90512	-2.3456
-1.90603	-2.3304
-1.90694	-2.31528
-1.90785	-2.30023
-1.90875	-2.28525
-1.90964	-2.27035
-1.91053	-2.25552
-1.91141	-2.24076
-1.91228	-2.22608
-1.91315	-2.21147
-1.91402	-2.19694
-1.91487	-2.18247
-1.91573	-2.16808
-1.91657	-2.15377
-1.91741	-2.13953
-1.91825	-2.12536
-1.91908	-2.11126
-1.9199	-2.09723
-1.92072	-2.08328
-1.92154	-2.0694
-1.92235	-2.05559
-1.92315	-2.04185
-1.92395	-2.02819
-1.92474	-2.01459
-1.92553	-2.00107
-1.92631	-1.98762
-1.92708	-1.97424
-1.92786	-1.96093
-1.92862	-1.94769
-1.92938	-1.93453
-1.93014	-1.92143
-1.93089	-1.9084
-1.93163	-1.89544
-1.93237	-1.88256
-1.93311	-1.86974
-1.93384	-1.85699
-1.93457	-1.84431
-1.93529	-1.8317
-1.936	-1.81916
-1.93671	-1.80668
-1.93742	-1.79428
-1.93812	-1.78194
-1.93881	-1.76967
-1.93951	-1.75747
-1.94019	-1.74534
-1.94087	-1.73327
-1.94155	-1.72127
-1.94222	-1.70934
-1.94289	-1.69748
-1.94355	-1.68568
-1.94421	-1.67395
-1.94487	-1.66228
-1.94552	-1.65068
-1.94616	-1.63915
-1.9468	-1.62768
-1.94744	-1.61627
-1.94807	-1.60493
-1.9487	-1.59366
-1.94932	-1.58245
-1.94994	-1.5713
-1.95055	-1.56022
-1.95116	-1.5492
-1.95176	-1.53825
-1.95237	-1.52736
-1.95296	-1.51653
-1.95355	-1.50577
-1.95414	-1.49506
-1.95473	-1.48442
-1.95531	-1.47385
-1.95588	-1.46333
-1.95645	-1.45287
-1.95702	-1.44248
-1.95758	-1.43215
-1.95814	-1.42188
-1.9587	-1.41167
-1.95925	-1.40152
-1.9598	-1.39143
-1.96034	-1.3814
-1.96088	-1.37143
-1.96142	-1.36152
-1.96195	-1.35167
-1.96248	-1.34187
-1.963	-1.33214
-1.96352	-1.32246
-1.96404	-1.31285
-1.96455	-1.30329
-1.96506	-1.29378
-1.96557	-1.28434
-1.96607	-1.27495
-1.96657	-1.26562
-1.96706	-1.25635
-1.96755	-1.24713
-1.96804	-1.23797
-1.96852	-1.22887
-1.969	-1.21982
-1.96948	-1.21082
-1.96995	-1.20188
-1.97042	-1.193
-1.97089	-1.18417
-1.97135	-1.17539
-1.97181	-1.16667
-1.97226	-1.15801
-1.97272	-1.14939
-1.97316	-1.14083
-1.97361	-1.13232
-1.97405	-1.12387
-1.97449	-1.11547
-1.97493	-1.10712
-1.97536	-1.09882
-1.97579	-1.09058
-1.97622	-1.08238
-1.97664	-1.07424
-1.97706	-1.06615
-1.97747	-1.05811
-1.97789	-1.05012
-1.9783	-1.04218
-1.9787	-1.03429
-1.97951	-1.01861
-1.98031	-1.00313
-1.98109	-0.987842
-1.98186	-0.972751
-1.98262	-0.957853
-1.98337	-0.943145
-1.98411	-0.928625
-1.98483	-0.914292
-1.98555	-0.900143
-1.98625	-0.886176
-1.98694	-0.872391
-1.98763	-0.858783
-1.9883	-0.845352
-1.98896	-0.832096
-1.98961	-0.819013
-1.99025	-0.8061
-1.99088	-0.793356
-1.9915	-0.78078
-1.99211	-0.768369
-1.99271	-0.756121
-1.9933	-0.744034
-1.99388	-0.732107
-1.99445	-0.720338
-1.99501	-0.708725
-1.99557	-0.697266
-1.99611	-0.68596
-1.99665	-0.674804
-1.99718	-0.663797
-1.99769	-0.652937
-1.9982	-0.642223
-1.99871	-0.631652
-1.9992	-0.621223
-1.99968	-0.610935
-2.00016	-0.600785
-2.00063	-0.590772
-2.00109	-0.580894
-2.00155	-0.57115
-2.00199	-0.561538
-2.00243	-0.552056
-2.00286	-0.542703
-2.00329	-0.533478
-2.0037	-0.524378
-2.00411	-0.515402
-2.00452	-0.506548
-2.00491	-0.497816
-2.0053	-0.489203
-2.00568	-0.480709
-2.00606	-0.47233
-2.00643	-0.464067
-2.00679	-0.455918
-2.00715	-0.447881
-2.0075	-0.439954
-2.00784	-0.432137
-2.00818	-0.424428
-2.00851	-0.416825
-2.00883	-0.409328
-2.00915	-0.401934
-2.00947	-0.394643
-2.00978	-0.387453
-2.01008	-0.380363
-2.01038	-0.373372
-2.01067	-0.366478
-2.01095	-0.35968
-2.01124	-0.352977
-2.01151	-0.346368
-2.01178	-0.33985
-2.01205	-0.333424
-2.01231	-0.327088
-2.01256	-0.32084
-2.01281	-0.31468
-2.01306	-0.308607
-2.0133	-0.302619
-2.01354	-0.296714
-2.01377	-0.290893
-2.014	-0.285154
-2.01422	-0.279495
-2.01444	-0.273917
-2.01465	-0.268416
-2.01486	-0.262994
-2.01507	-0.257648
-2.01527	-0.252377
-2.01547	-0.247181
-2.01566	-0.242059
-2.01585	-0.237009
-2.01603	-0.23203
-2.01621	-0.227122
-2.01639	-0.222284
-2.01656	-0.217514
-2.01673	-0.212812
-2.0169	-0.208177
-2.01706	-0.203607
-2.01722	-0.199103
-2.01738	-0.194662
-2.01753	-0.190285
-2.01768	-0.18597
-2.01782	-0.181717
-2.01797	-0.177524
-2.01811	-0.173391
-2.01824	-0.169317
-2.01837	-0.165301
-2.0185	-0.161342
-2.01863	-0.15744
-2.01875	-0.153594
-2.01887	-0.149803
-2.01899	-0.146066
-2.0191	-0.142382
-2.01921	-0.138751
-2.01932	-0.135172
-2.01943	-0.131644
-2.01953	-0.128167
-2.01973	-0.121313
-2.01992	-0.114655
-2.0201	-0.108188
-2.02027	-0.101907
-2.02043	-0.0958062
-2.02058	-0.089881
-2.02072	-0.0841262
-2.02085	-0.0785371
-2.02097	-0.0731089
-2.02109	-0.0678372
-2.02119	-0.0627174
-2.02129	-0.0577452
-2.02138	-0.0529165
-2.02146	-0.0482272
-2.02154	-0.0436733
-2.02161	-0.0392508
-2.02167	-0.0349562
-2.02172	-0.0307856
-2.02177	-0.0267356
-2.02181	-0.0228027
-2.02185	-0.0189835
-2.02188	-0.0152749
-2.0219	-0.0116735
-2.02192	-0.00817629
-2.02193	-0.00478033
-2.02194	-0.00148266
-2.02194	0.00171955
-2.02194	0.00482905
-2.02193	0.00784852
-2.02192	0.0107806
-2.0219	0.0136277
-2.02188	0.0163924
-2.02186	0.019077
-2.02183	0.0216839
-2.02179	0.0242153
-2.02175	0.0266734
-2.02171	0.0290603
-2.02167	0.0313781
-2.02162	0.0336288
-2.02157	0.0358144
-2.02151	0.0379367
-2.02145	0.0399976
-2.02139	0.0419988
-2.02132	0.0439422
-2.02125	0.0458293
-2.02118	0.0476618
-2.02111	0.0494414
-2.02103	0.0511695
-2.02087	0.0545258
-2.0207	0.0576881
-2.02052	0.0606678
-2.02033	0.0634755
-2.02013	0.0661213
-2.01993	0.0686145
-2.01971	0.0709642
-2.01949	0.0731786
-2.01926	0.0752658
-2.01903	0.077233
-2.01878	0.0790874
-2.01854	0.0808355
-2.01828	0.0824835
-2.01803	0.0840373
-2.01776	0.0855024
-2.0175	0.086884
-2.01723	0.0881869
-2.01695	0.0894158
-2.01667	0.090575
-2.01639	0.0916685
-2.0161	0.0927003
-2.01581	0.0936738
-2.01552	0.0945925
-2.01522	0.0954597
-2.01463	0.0970968
-2.01402	0.098551
-2.0134	0.0998437
-2.01278	0.100994
-2.01215	0.102018
-2.01151	0.10293
-2.01087	0.103744
-2.01022	0.104471
-2.00957	0.105122
-2.00891	0.105704
-2.00825	0.106226
-2.00758	0.106696
-2.00625	0.107541
-2.00491	0.10822
-2.00355	0.108773
-2.00219	0.109227
-2.00083	0.109607
-1.99946	0.109928
-1.99671	0.110483
-1.99395	0.110901
-1.99118	0.111246
-1.98561	0.111859
-1.98002	0.112391
-1.96878	0.113452
-1.95744	0.114551
-1.94598	0.11568
-1.93441	0.116849
-1.92273	0.118054
-1.91092	0.1193
-1.89899	0.120589
-1.88693	0.121923
-1.87474	0.123305
-1.86241	0.124738
-1.84994	0.126224
-1.83731	0.127769
-1.82454	0.129374
-1.8116	0.131045
-1.7985	0.132786
-1.78522	0.134602
-1.77176	0.136499
-1.75811	0.138482
-1.75118	0.13952
-1.74421	0.140578
-1.73718	0.141659
-1.7301	0.142767
-1.72296	0.143901
-1.71576	0.145065
-1.70851	0.146258
-1.7012	0.147483
-1.69382	0.14874
-1.68638	0.150031
-1.67888	0.151358
-1.67132	0.152722
-1.66368	0.154125
-1.65597	0.155569
-1.64819	0.157056
-1.64034	0.158588
-1.63241	0.160166
-1.6244	0.161795
-1.61631	0.163476
-1.60814	0.165211
-1.59988	0.167005
-1.59153	0.16886
-1.58309	0.17078
-1.57455	0.172767
-1.56591	0.174828
-1.55717	0.176964
-1.54832	0.179183
-1.53936	0.181487
-1.53029	0.183884
-1.52109	0.186379
-1.51177	0.188979
-1.50232	0.19169
-1.49274	0.194521
-1.48301	0.197481
-1.47314	0.200578
-1.46311	0.203824
-1.45292	0.207229
-1.44256	0.210807
-1.43729	0.21269
-1.43197	0.214619
-1.4266	0.216599
-1.42119	0.21863
-1.41572	0.220717
-1.41021	0.222861
-1.40463	0.225065
-1.39901	0.227333
-1.39332	0.229667
-1.38758	0.23207
-1.38178	0.234547
-1.37592	0.2371
-1.36999	0.239733
-1.364	0.24245
-1.35794	0.245256
-1.3518	0.248156
-1.3456	0.251153
-1.33932	0.254254
-1.33296	0.257464
-1.32653	0.260788
-1.32001	0.264234
-1.3134	0.267808
-1.30671	0.271518
-1.29992	0.275372
-1.29304	0.279377
-1.28605	0.283545
-1.27896	0.287883
-1.27177	0.292404
-1.26811	0.294762
-1.26443	0.29717
-1.26071	0.29963
-1.25697	0.302144
-1.25319	0.304713
-1.24938	0.307341
-1.24554	0.310028
-1.24166	0.312777
-1.23775	0.315589
-1.23381	0.318469
-1.22983	0.321416
-1.22581	0.324435
-1.22175	0.327528
-1.21766	0.330698
-1.21353	0.333946
-1.20935	0.337278
-1.20514	0.340694
-1.20088	0.3442
-1.19657	0.347798
-1.19223	0.351492
-1.18783	0.355286
-1.18339	0.359183
-1.1789	0.363189
-1.17436	0.367307
-1.16977	0.371542
-1.16513	0.3759
-1.16043	0.380384
-1.15567	0.385002
-1.15086	0.389758
-1.14599	0.394658
-1.14106	0.39971
-1.13606	0.404919
-1.131	0.410294
-1.12587	0.415841
-1.12067	0.421569
-1.1154	0.427487
-1.11273	0.430544
-1.11004	0.433654
-1.10733	0.436815
-1.1046	0.440031
-1.10185	0.443303
-1.09908	0.44663
-1.09629	0.450016
-1.09347	0.453462
-1.09064	0.456969
-1.08778	0.460538
-1.08491	0.464171
-1.082	0.467871
-1.07908	0.471638
-1.07613	0.475474
-1.07316	0.479382
-1.07016	0.483362
-1.06714	0.487418
-1.0641	0.491551
-1.06103	0.495762
-1.05793	0.500056
-1.0548	0.504432
-1.05165	0.508895
-1.04847	0.513445
-1.04526	0.518087
-1.04202	0.522821
-1.03875	0.527651
-1.03546	0.53258
-1.03213	0.537611
-1.02877	0.542745
-1.02537	0.547987
-1.02195	0.55334
-1.01849	0.558806
-1.015	0.564389
-1.01147	0.570093
-1.00791	0.575922
-1.00431	0.581878
-1.00067	0.587967
-0.996997	0.594191
-0.993283	0.600556
-0.98953	0.607066
-0.985736	0.613724
-0.9819	0.620537
-0.978022	0.627509
-0.9741	0.634645
-0.970133	0.641949
-0.966121	0.649429
-0.962062	0.65709
-0.957955	0.664937
-0.953799	0.672977
-0.951696	0.677096
-0.94958	0.681267
-0.947451	0.68549
-0.945309	0.689766
-0.943154	0.694097
-0.940985	0.698481
-0.938802	0.702922
-0.936605	0.70742
-0.934395	0.711975
-0.93217	0.716589
-0.92993	0.721263
-0.927676	0.725998
-0.925408	0.730795
-0.923124	0.735655
-0.920825	0.740579
-0.918511	0.745568
-0.916181	0.750624
-0.913835	0.755747
-0.911473	0.76094
-0.909095	0.766203
-0.906701	0.771537
-0.90429	0.776944
-0.901862	0.782425
-0.899417	0.787981
-0.896955	0.793614
-0.894475	0.799326
-0.891977	0.805118
-0.889461	0.81099
-0.886926	0.816946
-0.884373	0.822986
-0.881802	0.829111
-0.879211	0.835325
-0.8766	0.841628
-0.87397	0.848021
-0.87132	0.854508
-0.86865	0.861089
-0.865959	0.867766
-0.863247	0.874542
-0.860514	0.881418
-0.85776	0.888396
-0.854983	0.895478
-0.852185	0.902666
-0.849364	0.909963
-0.846521	0.91737
-0.843654	0.924891
-0.840763	0.932526
-0.837849	0.940278
-0.834911	0.94815
-0.831948	0.956145
-0.82896	0.964264
-0.825947	0.97251
-0.822908	0.980887
-0.819842	0.989395
-0.81675	0.99804
-0.813632	1.00682
-0.810485	1.01575
-0.807311	1.02481
-0.804109	1.03403
-0.800877	1.04339
-0.797617	1.05291
-0.794326	1.06259
-0.791006	1.07242
-0.787654	1.08242
-0.784272	1.09258
-0.780857	1.10292
-0.777411	1.11343
-0.773931	1.12412
-0.770419	1.13499
-0.766872	1.14605
-0.76329	1.1573
-0.759674	1.16874
-0.757848	1.17456
-0.756012	1.18043
-0.754168	1.18635
-0.752314	1.19233
-0.750451	1.19835
-0.748579	1.20443
-0.746697	1.21057
-0.744805	1.21676
-0.742904	1.223
-0.740993	1.2293
-0.739072	1.23565
-0.737142	1.24206
-0.735201	1.24853
-0.73325	1.25506
-0.731289	1.26165
-0.729318	1.26829
-0.727336	1.275
-0.725344	1.28176
-0.723341	1.28859
-0.721328	1.29548
-0.719304	1.30243
-0.717269	1.30945
-0.715223	1.31653
-0.713165	1.32368
-0.711097	1.33089
-0.709018	1.33817
-0.706927	1.34551
-0.704824	1.35293
-0.70271	1.36041
-0.700585	1.36797
-0.698447	1.37559
-0.696298	1.38329
-0.694137	1.39106
-0.691963	1.3989
-0.689777	1.40682
-0.687579	1.41481
-0.685369	1.42288
-0.683145	1.43102
-0.680909	1.43924
-0.67866	1.44754
-0.676399	1.45592
-0.674124	1.46438
-0.671836	1.47293
-0.669534	1.48155
-0.667219	1.49026
-0.664891	1.49906
-0.662549	1.50794
-0.660192	1.5169
-0.657822	1.52596
-0.655438	1.5351
-0.653039	1.54433
-0.650626	1.55366
-0.648199	1.56307
-0.645756	1.57258
-0.643299	1.58219
-0.640827	1.59189
-0.63834	1.60168
-0.635837	1.61158
-0.633319	1.62157
-0.630785	1.63167
-0.628236	1.64186
-0.62567	1.65216
-0.623089	1.66257
-0.620491	1.67307
-0.617877	1.68369
-0.615246	1.69441
-0.612599	1.70525
-0.609934	1.71619
-0.607253	1.72725
-0.604554	1.73842
-0.601838	1.7497
-0.599104	1.76111
-0.596352	1.77263
-0.593582	1.78427
-0.590794	1.79603
-0.587988	1.80791
-0.585163	1.81992
-0.58232	1.83205
-0.579457	1.84432
-0.576575	1.85671
-0.573674	1.86923
-0.570753	1.88188
-0.567813	1.89467
-0.564853	1.90759
-0.561872	1.92065
-0.558871	1.93385
-0.555849	1.94719
-0.552807	1.96067
-0.549743	1.9743
-0.546658	1.98808
-0.543552	2.002
-0.540424	2.01607
-0.537274	2.0303
-0.534101	2.04468
-0.530907	2.05921
-0.527689	2.0739
-0.524449	2.08876
-0.521185	2.10377
-0.517898	2.11895
-0.514587	2.1343
-0.511252	2.14981
-0.507893	2.1655
-0.504509	2.18136
-0.501101	2.19739
-0.497668	2.2136
-0.494209	2.22999
-0.490725	2.24656
-0.487214	2.26332
-0.483678	2.28026
-0.480115	2.2974
-0.476525	2.31472
-0.472909	2.33224
-0.469264	2.34995
-0.467429	2.35891
-0.465586	2.36791
-0.463736	2.37697
-0.461879	2.38608
-0.460015	2.39524
-0.458143	2.40445
-0.456265	2.41371
-0.454379	2.42303
-0.452486	2.4324
-0.450586	2.44182
-0.448678	2.45129
-0.446763	2.46082
-0.444841	2.4704
-0.442911	2.48004
-0.440973	2.48973
-0.439028	2.49947
-0.437075	2.50927
-0.435115	2.51913
-0.433147	2.52904
-0.431171	2.53901
-0.429187	2.54904
-0.427196	2.55912
-0.425197	2.56926
-0.423189	2.57946
-0.421174	2.58972
-0.419151	2.60003
-0.41712	2.6104
-0.41508	2.62084
-0.413033	2.63133
-0.410977	2.64188
-0.408913	2.6525
-0.406841	2.66317
-0.40476	2.67391
-0.402671	2.6847
-0.400574	2.69556
-0.398468	2.70648
-0.396353	2.71747
-0.39423	2.72851
-0.392099	2.73962
-0.389958	2.7508
-0.387809	2.76203
-0.385652	2.77334
-0.383485	2.78471
-0.381309	2.79614
-0.379125	2.80764
-0.376931	2.8192
-0.374729	2.83083
-0.372517	2.84253
-0.370297	2.8543
-0.368067	2.86613
-0.365827	2.87804
-0.363579	2.89001
-0.361321	2.90205
-0.359054	2.91416
-0.356777	2.92634
-0.354491	2.93859
-0.352195	2.95091
-0.34989	2.9633
-0.347575	2.97576
-0.34525	2.9883
-0.342915	3.00091
-0.340571	3.01359
-0.338217	3.02634
-0.335852	3.03917
-0.333478	3.05207
-0.331093	3.06505
-0.328699	3.0781
-0.326294	3.09122
-0.323879	3.10443
-0.321454	3.1177
-0.319018	3.13106
-0.316572	3.14449
-0.314115	3.158
-0.311648	3.17159
-0.30917	3.18526
-0.306682	3.199
-0.304183	3.21283
-0.301673	3.22673
-0.299152	3.24071
-0.29662	3.25478
-0.294077	3.26893
-0.291523	3.28315
-0.288958	3.29746
-0.286382	3.31185
-0.283795	3.32633
-0.281196	3.34089
-0.278586	3.35553
-0.275964	3.37026
-0.273331	3.38507
-0.270687	3.39996
-0.268031	3.41494
-0.265363	3.43001
-0.262683	3.44516
-0.259992	3.4604
-0.257288	3.47573
-0.254573	3.49115
-0.251845	3.50665
-0.249106	3.52224
-0.246354	3.53792
-0.24359	3.55369
-0.240814	3.56955
-0.238025	3.5855
-0.235224	3.60154
-0.23241	3.61767
-0.229584	3.6339
-0.226745	3.65021
-0.223893	3.66662
-0.221028	3.68312
-0.218151	3.69971
-0.215261	3.7164
-0.212357	3.73318
-0.209441	3.75006
-0.206511	3.76703
-0.203568	3.7841
-0.200612	3.80126
-0.197642	3.81852
-0.194659	3.83587
-0.191662	3.85332
-0.188651	3.87087
-0.185627	3.88852
-0.182589	3.90626
-0.179538	3.9241
-0.176472	3.94205
-0.173392	3.96009
-0.170298	3.97823
-0.16719	3.99647
-0.164068	4.01481
-0.160932	4.03325
-0.157781	4.05179
-0.154615	4.07043
-0.151435	4.08918
-0.14824	4.10803
-0.145031	4.12697
-0.141807	4.14603
-0.138568	4.16518
-0.135314	4.18444
-0.132045	4.2038
-0.12876	4.22326
-0.125461	4.24283
-0.122146	4.26251
-0.118816	4.28228
-0.115471	4.30217
-0.11211	4.32215
-0.108733	4.34225
-0.10534	4.36245
-0.101932	4.38275
-0.0985083	4.40316
-0.0950683	4.42368
-0.0916123	4.4443
-0.0881402	4.46503
-0.0846519	4.48587
-0.0811473	4.50681
-0.0776264	4.52786
-0.074089	4.54902
-0.0705351	4.57028
-0.0669646	4.59165
-0.0633773	4.61313
-0.0597733	4.63472
-0.0561524	4.65641
-0.0525146	4.67821
-0.0488598	4.70012
-0.0451878	4.72214
-0.0414986	4.74427
-0.0377922	4.7665
-0.0340683	4.78884
-0.0303271	4.81129
-0.0265682	4.83384
-0.0227918	4.85651
-0.0189977	4.87928
-0.0151857	4.90216
-0.0113559	4.92514
-0.00750814	4.94823
-0.00364233	4.97143
0.000241602	4.99474
0.00414374	5.01815
0.00806417	5.04167
0.012003	5.0653
0.0159602	5.08903
0.019936	5.11286
0.0239305	5.13681
0.0279436	5.16085
0.0319755	5.185
0.0360263	5.20926
0.040096	5.23362
0.0441848	5.25808
0.0482927	5.28264
0.0524197	5.30731
0.0565661	5.33208
0.0607318	5.35695
0.0649169	5.38192
0.0691215	5.40699
0.0733457	5.43216
0.0775896	5.45743
0.0818532	5.4828
0.0861366	5.50826
0.09044	5.53382
0.0947632	5.55948
0.0991066	5.58523
0.10347	5.61108
0.107854	5.63702
0.112258	5.66305
0.116682	5.68917
0.121127	5.71538
0.125592	5.74169
0.130077	5.76808
0.134584	5.79456
0.139111	5.82112
0.143658	5.84777
0.148227	5.87451
0.152816	5.90132
0.157427	5.92822
0.162058	5.9552
0.166711	5.98225
0.171384	6.00938
0.176079	6.03659
0.180795	6.06387
0.185533	6.09123
0.190292	6.11865
0.195072	6.14615
0.199873	6.17371
0.204697	6.20133
0.209541	6.22902
0.214408	6.25678
0.219296	6.28459
0.224206	6.31246
0.229137	6.34039
0.234091	6.36837
0.239066	6.3964
0.24906	6.45257
0.259143	6.50892
0.269313	6.56544
0.279571	6.6221
0.289918	6.6789
0.300354	6.7358
0.310879	6.79278
0.321492	6.84982
0.332195	6.9069
0.342987	6.96398
0.353869	7.02105
0.364839	7.07808
0.375898	7.13504
0.387047	7.19189
0.398284	7.24861
0.40961	7.30516
0.415317	7.33334
0.421047	7.36146
0.426798	7.38952
0.432571	7.41752
0.438366	7.44544
0.444182	7.47329
0.450021	7.50106
0.455881	7.52875
0.461763	7.55635
0.467666	7.58386
0.473591	7.61127
0.479538	7.63858
0.485505	7.66577
0.491494	7.69286
0.497504	7.71982
0.503535	7.74666
0.509587	7.77338
0.51566	7.79995
0.521754	7.82639
0.527868	7.85268
0.534003	7.87882
0.540159	7.90481
0.546334	7.93063
0.55253	7.95628
0.558746	7.98176
0.564982	8.00705
0.571237	8.03216
0.577512	8.05708
0.58066	8.06944
0.583812	8.08175
0.586969	8.09401
0.59013	8.10622
0.593297	8.11837
0.596468	8.13047
0.599644	8.14251
0.602825	8.1545
0.60601	8.16643
0.6092	8.1783
0.612395	8.19012
0.615594	8.20188
0.618798	8.21357
0.622006	8.22521
0.625219	8.23679
0.628437	8.2483
0.631659	8.25975
0.634885	8.27114
0.638116	8.28246
0.641351	8.29372
0.644591	8.30492
0.647835	8.31604
0.651084	8.3271
0.654337	8.33809
0.657594	8.34901
0.660855	8.35986
0.664121	8.37063
0.66739	8.38134
0.670664	8.39197
0.673942	8.40253
0.677225	8.41302
0.680511	8.42343
0.683801	8.43376
0.687096	8.44402
0.690394	8.4542
0.693697	8.4643
0.697003	8.47432
0.700313	8.48426
0.703627	8.49412
0.706945	8.5039
0.710267	8.51359
0.713593	8.5232
0.716922	8.53273
0.720255	8.54217
0.723592	8.55152
0.726933	8.56079
0.730277	8.56996
0.733624	8.57905
0.736976	8.58805
0.74033	8.59696
0.743688	8.60578
0.74705	8.6145
0.750415	8.62313
0.753784	8.63167
0.757155	8.64011
0.76053	8.64845
0.763909	8.6567
0.76729	8.66485
0.770675	8.6729
0.774063	8.68086
0.777454	8.68871
0.780848	8.69646
0.784245	8.70411
0.787645	8.71166
0.791048	8.7191
0.794454	8.72644
0.797862	8.73367
0.801274	8.7408
0.804688	8.74782
0.808106	8.75473
0.811525	8.76154
0.814948	8.76823
0.818373	8.77482
0.821801	8.78129
0.825231	8.78765
0.828663	8.7939
0.832099	8.80003
0.835536	8.80605
0.838976	8.81195
0.842418	8.81774
0.845863	8.82341
0.849309	8.82897
0.852758	8.8344
0.856209	8.83972
0.859662	8.84491
0.863117	8.84999
0.866574	8.85494
0.870033	8.85977
0.873494	8.86448
0.876956	8.86906
0.880421	8.87352
0.883887	8.87785
0.887355	8.88206
0.890825	8.88614
0.894296	8.89009
0.897768	8.89391
0.901243	8.8976
0.904718	8.90117
0.908195	8.9046
0.911674	8.9079
0.915153	8.91107
0.918634	8.91411
0.922116	8.91701
0.925599	8.91978
0.929084	8.92241
0.932569	8.92491
0.936055	8.92727
0.939543	8.92949
0.943031	8.93158
0.94652	8.93353
0.950009	8.93534
0.9535	8.93701
0.956991	8.93854
0.960482	8.93993
0.963974	8.94118
0.967467	8.94229
0.97096	8.94325
0.974454	8.94407
0.977947	8.94475
0.981441	8.94528
0.984936	8.94567
0.98843	8.94591
0.991925	8.946
0.995419	8.94595
0.998914	8.94576
1.00241	8.94541
1.0059	8.94492
1.0094	8.94428
1.01289	8.94349
1.01638	8.94255
1.01988	8.94146
1.02337	8.94022
1.02686	8.93883
1.03035	8.93729
1.03384	8.93559
1.03734	8.93375
1.04083	8.93175
1.04431	8.9296
1.0478	8.9273
1.05129	8.92484
1.05478	8.92223
1.05826	8.91946
1.06175	8.91654
1.06523	8.91347
1.06871	8.91024
1.07219	8.90685
1.07567	8.90331
1.07915	8.89961
1.08262	8.89576
1.0861	8.89175
1.08957	8.88758
1.09304	8.88325
1.09651	8.87877
1.09998	8.87413
1.10345	8.86934
1.10691	8.86438
1.11038	8.85927
1.11384	8.854
1.1173	8.84857
1.12075	8.84298
1.12421	8.83724
1.12766	8.83134
1.13111	8.82527
1.13456	8.81905
1.138	8.81267
1.14144	8.80613
1.14488	8.79944
1.14832	8.79258
1.15175	8.78556
1.15519	8.77839
1.15862	8.77106
1.16204	8.76357
1.16546	8.75592
1.16888	8.74811
1.1723	8.74014
1.17572	8.73202
1.17913	8.72373
1.18253	8.71529
1.18594	8.70669
1.18934	8.69794
1.19274	8.68902
1.19613	8.67995
1.19952	8.67072
1.20291	8.66133
1.20629	8.65179
1.20967	8.64209
1.21305	8.63223
1.21642	8.62222
1.21979	8.61205
1.22315	8.60172
1.22651	8.59124
1.22987	8.58061
1.23322	8.56982
1.23657	8.55888
1.23991	8.54778
1.24325	8.53653
1.24658	8.52513
1.24992	8.51357
1.25324	8.50186
1.25656	8.49001
1.25988	8.47799
1.26319	8.46583
1.2665	8.45352
1.2698	8.44106
1.2731	8.42845
1.27639	8.41569
1.27968	8.40278
1.28296	8.38972
1.28624	8.37652
1.28951	8.36317
1.29277	8.34967
1.29604	8.33603
1.29929	8.32225
1.30254	8.30831
1.30579	8.29424
1.30903	8.28002
1.31226	8.26567
1.31549	8.25117
1.31871	8.23652
1.32193	8.22174
1.32514	8.20682
1.32835	8.19176
1.33155	8.17657
1.33474	8.16123
1.33793	8.14576
1.34111	8.13016
1.34429	8.11441
1.34746	8.09854
1.35062	8.08253
1.35378	8.06639
1.35693	8.05012
1.36008	8.03372
1.36321	8.01718
1.36635	8.00052
1.36947	7.98373
1.37259	7.96682
1.3757	7.94978
1.37881	7.93261
1.38191	7.91532
1.385	7.8979
1.38808	7.88036
1.39116	7.8627
1.39423	7.84492
1.3973	7.82702
1.40035	7.80901
1.4034	7.79087
1.40645	7.77262
1.40948	7.75425
1.41251	7.73577
1.41553	7.71717
1.41855	7.69847
1.42156	7.67965
1.42456	7.66072
1.42755	7.64168
1.43053	7.62253
1.43351	7.60328
1.43648	7.58392
1.43944	7.56446
1.4424	7.54489
1.44535	7.52522
1.44829	7.50545
1.45122	7.48557
1.45414	7.4656
1.45706	7.44553
1.45997	7.42537
1.46287	7.4051
1.46576	7.38475
1.46864	7.3643
1.47152	7.34376
1.47439	7.32312
1.47725	7.3024
1.4801	7.28159
1.48295	7.26069
1.48578	7.2397
1.48861	7.21863
1.49143	7.19748
1.49424	7.17624
1.49704	7.15493
1.49984	7.13353
1.50263	7.11205
1.5054	7.0905
1.50817	7.06887
1.51094	7.04716
1.51369	7.02538
1.51643	7.00353
1.51917	6.9816
1.5219	6.95961
1.52461	6.93754
1.52732	6.91541
1.53003	6.89322
1.53272	6.87095
1.5354	6.84863
1.53808	6.82624
1.54074	6.80379
1.5434	6.78128
1.54605	6.75871
1.54869	6.73608
1.55132	6.7134
1.55394	6.69066
1.55656	6.66787
1.55916	6.64502
1.56176	6.62213
1.56693	6.57624
1.57207	6.53015
1.57717	6.48388
1.58224	6.43744
1.58727	6.39084
1.59226	6.34408
1.59722	6.29718
1.60213	6.25015
1.60702	6.20299
1.61186	6.15572
1.61667	6.10835
1.62145	6.06088
1.62618	6.01334
1.63088	5.96571
1.63554	5.91802
1.64016	5.87028
1.64933	5.7747
1.65836	5.67899
1.66723	5.58322
1.67595	5.48746
1.68453	5.39179
1.68874	5.34403
1.69292	5.29632
1.69705	5.24867
1.70115	5.20109
1.70522	5.15359
1.70924	5.10617
1.71323	5.05885
1.71719	5.01162
1.7211	4.9645
1.72498	4.91749
1.72882	4.8706
1.73263	4.82385
1.73639	4.77722
1.74013	4.73074
1.74382	4.68441
1.74748	4.63823
1.75111	4.59222
1.75469	4.54637
1.75825	4.50069
1.76176	4.4552
1.76524	4.40989
1.76869	4.36476
1.77039	4.3423
1.77209	4.31989
1.77378	4.29753
1.77546	4.27522
1.77713	4.25296
1.77879	4.23075
1.78044	4.2086
1.78208	4.1865
1.78372	4.16445
1.78535	4.14246
1.78696	4.12053
1.78857	4.09865
1.79017	4.07682
1.79177	4.05506
1.79335	4.03335
1.79493	4.0117
1.79649	3.99011
1.79805	3.96858
1.7996	3.94711
1.80114	3.92569
1.80268	3.90434
1.8042	3.88305
1.80572	3.86182
1.80723	3.84066
1.80873	3.81955
1.81022	3.79851
1.8117	3.77753
1.81318	3.75662
1.81465	3.73577
1.81611	3.71498
1.81756	3.69426
1.819	3.67361
1.82044	3.65302
1.82186	3.6325
1.82328	3.61204
1.82469	3.59165
1.8261	3.57133
1.82749	3.55107
1.82888	3.53089
1.83026	3.51077
1.83163	3.49072
1.83299	3.47074
1.83435	3.45082
1.8357	3.43098
1.83704	3.41121
1.83837	3.39151
1.83969	3.37187
1.84101	3.35231
1.84232	3.33282
1.84362	3.3134
1.84492	3.29405
1.8462	3.27477
1.84748	3.25556
1.84875	3.23643
1.85002	3.21736
1.85127	3.19837
1.85252	3.17946
1.85377	3.16061
1.855	3.14184
1.85623	3.12314
1.85745	3.10451
1.85866	3.08596
1.85987	3.06748
1.86106	3.04907
1.86226	3.03074
1.86344	3.01248
1.86462	2.9943
1.86579	2.97619
1.86695	2.95815
1.8681	2.94019
1.86925	2.9223
1.87039	2.90449
1.87153	2.88675
1.87266	2.86909
1.87378	2.8515
1.87489	2.83399
1.876	2.81655
1.8771	2.79918
1.87819	2.7819
1.87928	2.76468
1.88036	2.74754
1.88143	2.73048
1.8825	2.71349
1.88356	2.69658
1.88461	2.67974
1.88566	2.66298
1.8867	2.64629
1.88773	2.62968
1.88876	2.61314
1.88978	2.59668
1.89079	2.58029
1.8918	2.56398
1.8928	2.54774
1.8938	2.53158
1.89479	2.51549
1.89577	2.49948
1.89675	2.48355
1.89772	2.46769
1.89868	2.4519
1.89964	2.43619
1.90059	2.42055
1.90154	2.40499
1.90247	2.3895
1.90341	2.37409
1.90434	2.35875
1.90526	2.34349
1.90617	2.3283
1.90708	2.31318
1.90799	2.29814
1.90888	2.28317
1.90978	2.26828
1.91066	2.25346
1.91154	2.23871
1.91242	2.22404
1.91328	2.20944
1.91415	2.19492
1.91501	2.18047
1.91586	2.16609
1.9167	2.15178
1.91754	2.13755
1.91838	2.12339
1.91921	2.1093
1.92003	2.09528
1.92085	2.08134
1.92166	2.06747
1.92247	2.05367
1.92327	2.03994
1.92407	2.02629
1.92486	2.0127
1.92565	1.99919
1.92643	1.98575
1.9272	1.97238
1.92797	1.95908
1.92874	1.94585
1.9295	1.93269
1.93026	1.91961
1.931	1.90659
1.93175	1.89364
1.93249	1.88076
1.93322	1.86795
1.93395	1.85521
1.93468	1.84254
1.9354	1.82994
1.93611	1.81741
1.93682	1.80495
1.93753	1.79255
1.93823	1.78022
1.93892	1.76796
1.93961	1.75577
1.9403	1.74365
1.94098	1.73159
1.94166	1.7196
1.94233	1.70768
1.943	1.69582
1.94366	1.68403
1.94432	1.67231
1.94497	1.66065
1.94562	1.64906
1.94626	1.63754
1.9469	1.62608
1.94754	1.61468
1.94817	1.60335
1.94879	1.59209
1.94942	1.58088
1.95003	1.56975
1.95065	1.55868
1.95126	1.54767
1.95186	1.53672
1.95246	1.52584
1.95306	1.51502
1.95365	1.50426
1.95424	1.49357
1.95482	1.48294
1.9554	1.47237
1.95597	1.46186
1.95655	1.45141
1.95711	1.44103
1.95768	1.43071
1.95823	1.42044
1.95879	1.41024
1.95934	1.4001
1.95989	1.39002
1.96043	1.38
1.96097	1.37003
1.9615	1.36013
1.96204	1.35029
1.96256	1.3405
1.96309	1.33078
1.96361	1.32111
1.96412	1.3115
1.96463	1.30195
1.96514	1.29245
1.96565	1.28302
1.96615	1.27364
1.96665	1.26432
1.96714	1.25505
1.96763	1.24584
1.96812	1.23669
1.9686	1.22759
1.96908	1.21855
1.96956	1.20956
1.97003	1.20063
1.9705	1.19175
1.97096	1.18293
1.97143	1.17416
1.97188	1.16545
1.97234	1.15679
1.97279	1.14818
1.97324	1.13963
1.97368	1.13113
1.97413	1.12268
1.97456	1.11429
1.975	1.10595
1.97543	1.09766
1.97586	1.08942
1.97629	1.08123
1.97671	1.0731
1.97713	1.06501
1.97754	1.05698
1.97796	1.049
1.97837	1.04106
1.97877	1.03318
1.97958	1.01751
1.98038	1.00205
1.98116	0.986775
1.98193	0.971697
1.98269	0.956812
1.98344	0.942117
1.98417	0.927611
1.9849	0.91329
1.98561	0.899154
1.98631	0.8852
1.987	0.871427
1.98768	0.857832
1.98836	0.844413
1.98901	0.831169
1.98966	0.818097
1.9903	0.805196
1.99093	0.792465
1.99155	0.779899
1.99216	0.7675
1.99276	0.755263
1.99335	0.743187
1.99393	0.731272
1.9945	0.719513
1.99506	0.707911
1.99562	0.696463
1.99616	0.685167
1.9967	0.674022
1.99722	0.663025
1.99774	0.652175
1.99825	0.641471
1.99875	0.63091
1.99925	0.620491
1.99973	0.610212
2.00021	0.600072
2.00068	0.590069
2.00114	0.5802
2.00159	0.570465
2.00204	0.560862
2.00247	0.55139
2.0029	0.542046
2.00333	0.532829
2.00374	0.523738
2.00415	0.514771
2.00456	0.505926
2.00495	0.497202
2.00534	0.488597
2.00572	0.480111
2.0061	0.471741
2.00646	0.463486
2.00683	0.455344
2.00718	0.447314
2.00753	0.439396
2.00788	0.431586
2.00821	0.423884
2.00854	0.416289
2.00887	0.408799
2.00919	0.401413
2.0095	0.394129
2.00981	0.386946
2.01011	0.379863
2.01041	0.372879
2.0107	0.365992
2.01099	0.3592
2.01127	0.352504
2.01154	0.345901
2.01181	0.33939
2.01208	0.33297
2.01234	0.32664
2.01259	0.320399
2.01284	0.314245
2.01309	0.308178
2.01333	0.302195
2.01357	0.296297
2.0138	0.290482
2.01402	0.284748
2.01425	0.279095
2.01446	0.273522
2.01468	0.268027
2.01489	0.26261
2.01509	0.257269
2.01529	0.252004
2.01549	0.246813
2.01568	0.241696
2.01587	0.236651
2.01606	0.231678
2.01624	0.226775
2.01641	0.221941
2.01659	0.217176
2.01676	0.212479
2.01692	0.207848
2.01709	0.203283
2.01725	0.198783
2.0174	0.194347
2.01755	0.189975
2.0177	0.185664
2.01785	0.181415
2.01799	0.177226
2.01813	0.173098
2.01826	0.169028
2.01839	0.165016
2.01852	0.161061
2.01865	0.157163
2.01877	0.153321
2.01889	0.149533
2.01901	0.1458
2.01912	0.14212
2.01923	0.138493
2.01934	0.134918
2.01945	0.131394
2.01955	0.12792
2.01975	0.121073
2.01994	0.114421
2.02012	0.107961
2.02029	0.101687
2.02044	0.0955921
2.02059	0.089673
2.02073	0.0839242
2.02086	0.0783408
2.02099	0.0729183
2.0211	0.067652
2.02121	0.0625375
2.0213	0.0575705
2.02139	0.0527468
2.02148	0.0480623
2.02155	0.0435131
2.02162	0.0390952
2.02168	0.034805
2.02174	0.0306388
2.02178	0.026593
2.02182	0.0226642
2.02186	0.018849
2.02189	0.0151442
2.02191	0.0115466
2.02193	0.00805305
2.02194	0.00466064
2.02195	0.00136641
2.02195	-0.00183245
2.02195	-0.0049387
2.02194	-0.00795501
2.02193	-0.010884
2.02191	-0.0137281
2.02189	-0.0164899
2.02187	-0.0191717
2.02184	-0.0217759
2.0218	-0.0243046
2.02176	-0.0267602
2.02172	-0.0291446
2.02168	-0.03146
2.02163	-0.0337083
2.02157	-0.0358916
2.02152	-0.0380116
2.02146	-0.0400703
2.0214	-0.0420695
2.02133	-0.0440108
2.02126	-0.0458959
2.02119	-0.0477265
2.02112	-0.0495042
2.02104	-0.0512305
2.02088	-0.0545832
2.02071	-0.0577423
2.02053	-0.0607188
2.02034	-0.0635236
2.02014	-0.0661665
2.01993	-0.0686572
2.01972	-0.0710043
2.0195	-0.0732164
2.01927	-0.0753014
2.01903	-0.0772665
2.01879	-0.079119
2.01854	-0.0808652
2.01829	-0.0825115
2.01803	-0.0840637
2.01777	-0.0855272
2.0175	-0.0869074
2.01723	-0.0882089
2.01696	-0.0894366
2.01668	-0.0905945
2.01639	-0.0916869
2.01611	-0.0927176
2.01582	-0.0936901
2.01552	-0.0946079
2.01523	-0.0954741
2.01463	-0.0971095
2.01402	-0.0985622
2.01341	-0.0998536
2.01278	-0.101002
2.01215	-0.102025
2.01152	-0.102937
2.01087	-0.10375
2.01022	-0.104476
2.00957	-0.105126
2.00891	-0.105708
2.00825	-0.10623
2.00759	-0.106699
2.00626	-0.107543
2.00491	-0.108222
2.00356	-0.108774
2.0022	-0.109228
2.00083	-0.109607
1.99946	-0.109928
1.99672	-0.110483
1.99395	-0.110901
1.99118	-0.111246
1.98562	-0.111858
1.98003	-0.11239
1.96879	-0.113451
1.95744	-0.11455
1.94599	-0.11568
1.93442	-0.116848
1.92273	-0.118053
1.91093	-0.1193
1.899	-0.120588
1.88694	-0.121922
1.87475	-0.123304
1.86242	-0.124737
1.84994	-0.126224
1.83732	-0.127768
1.82454	-0.129373
1.81161	-0.131044
1.7985	-0.132786
1.78522	-0.134601
1.77176	-0.136498
1.75811	-0.138481
1.75119	-0.139519
1.74421	-0.140577
1.73718	-0.141658
1.7301	-0.142766
1.72296	-0.1439
1.71577	-0.145064
1.70852	-0.146257
1.7012	-0.147482
1.69383	-0.148739
1.68639	-0.15003
1.67889	-0.151357
1.67132	-0.152721
1.66369	-0.154124
1.65598	-0.155568
1.6482	-0.157054
1.64035	-0.158586
1.63242	-0.160165
1.62441	-0.161794
1.61632	-0.163474
1.60815	-0.16521
1.59989	-0.167004
1.59154	-0.168858
1.58309	-0.170778
1.57456	-0.172766
1.56592	-0.174826
1.55718	-0.176962
1.54833	-0.179181
1.53937	-0.181485
1.53029	-0.183882
1.5211	-0.186377
1.51178	-0.188976
1.50233	-0.191688
1.49275	-0.194519
1.48302	-0.197478
1.47315	-0.200575
1.46312	-0.203821
1.45293	-0.207226
1.44257	-0.210804
1.4373	-0.212686
1.43198	-0.214616
1.42661	-0.216595
1.4212	-0.218627
1.41573	-0.220713
1.41022	-0.222857
1.40464	-0.225061
1.39902	-0.227329
1.39333	-0.229663
1.38759	-0.232066
1.38179	-0.234542
1.37593	-0.237095
1.37	-0.239728
1.36401	-0.242445
1.35795	-0.245251
1.35182	-0.24815
1.34561	-0.251148
1.33933	-0.254248
1.33298	-0.257458
1.32654	-0.260782
1.32002	-0.264228
1.31341	-0.267802
1.30672	-0.271511
1.29993	-0.275365
1.29305	-0.27937
1.28606	-0.283537
1.27898	-0.287875
1.27178	-0.292396
1.26812	-0.294753
1.26444	-0.297161
1.26072	-0.299621
1.25698	-0.302135
1.2532	-0.304704
1.24939	-0.307331
1.24555	-0.310018
1.24168	-0.312767
1.23777	-0.315579
1.23382	-0.318458
1.22984	-0.321406
1.22582	-0.324424
1.22177	-0.327517
1.21767	-0.330686
1.21354	-0.333935
1.20937	-0.337265
1.20515	-0.340682
1.20089	-0.344187
1.19659	-0.347785
1.19224	-0.351479
1.18785	-0.355272
1.18341	-0.359169
1.17892	-0.363174
1.17438	-0.367292
1.16979	-0.371527
1.16514	-0.375884
1.16045	-0.380368
1.15569	-0.384985
1.15088	-0.38974
1.14601	-0.394641
1.14107	-0.399692
1.13608	-0.404901
1.13102	-0.410274
1.12589	-0.415821
1.12069	-0.421548
1.11542	-0.427465
1.11275	-0.430522
1.11006	-0.433631
1.10735	-0.436793
1.10462	-0.440008
1.10187	-0.443279
1.0991	-0.446607
1.09631	-0.449992
1.09349	-0.453437
1.09066	-0.456943
1.0878	-0.460512
1.08493	-0.464145
1.08203	-0.467844
1.0791	-0.471611
1.07615	-0.475447
1.07318	-0.479354
1.07019	-0.483334
1.06717	-0.487389
1.06412	-0.491521
1.06105	-0.495732
1.05795	-0.500025
1.05482	-0.504401
1.05167	-0.508863
1.04849	-0.513413
1.04528	-0.518053
1.04204	-0.522787
1.03878	-0.527617
1.03548	-0.532545
1.03215	-0.537574
1.02879	-0.542708
1.0254	-0.547949
1.02197	-0.553301
1.01852	-0.558767
1.01502	-0.564349
1.0115	-0.570052
1.00793	-0.57588
1.00433	-0.581835
1.0007	-0.587923
0.997023	-0.594147
0.99331	-0.60051
0.989557	-0.607019
0.985763	-0.613677
0.981927	-0.620488
0.978049	-0.627459
0.974128	-0.634593
0.970162	-0.641897
0.96615	-0.649375
0.962091	-0.657035
0.957985	-0.66488
0.953829	-0.672919
0.951726	-0.677038
0.949611	-0.681208
0.947482	-0.68543
0.94534	-0.689706
0.943184	-0.694035
0.941016	-0.698419
0.938833	-0.702859
0.936637	-0.707356
0.934426	-0.71191
0.932201	-0.716524
0.929962	-0.721197
0.927709	-0.725931
0.92544	-0.730727
0.923156	-0.735585
0.920858	-0.740509
0.918544	-0.745497
0.916214	-0.750552
0.913869	-0.755674
0.911507	-0.760866
0.909129	-0.766128
0.906735	-0.771461
0.904324	-0.776867
0.901897	-0.782347
0.899452	-0.787902
0.89699	-0.793534
0.89451	-0.799245
0.892012	-0.805035
0.889496	-0.810907
0.886962	-0.816861
0.88441	-0.8229
0.881838	-0.829024
0.879247	-0.835236
0.876637	-0.841538
0.874008	-0.84793
0.871358	-0.854415
0.868688	-0.860995
0.865997	-0.867671
0.863286	-0.874445
0.860553	-0.88132
0.857799	-0.888296
0.855023	-0.895377
0.852225	-0.902564
0.849404	-0.909859
0.846561	-0.917265
0.843695	-0.924783
0.840805	-0.932417
0.837891	-0.940168
0.834953	-0.948038
0.83199	-0.956031
0.829003	-0.964148
0.82599	-0.972393
0.822951	-0.980767
0.819886	-0.989274
0.816795	-0.997916
0.813676	-1.0067
0.81053	-1.01562
0.807356	-1.02468
0.804154	-1.0339
0.800923	-1.04326
0.797663	-1.05277
0.794373	-1.06245
0.791053	-1.07228
0.787702	-1.08228
0.78432	-1.09244
0.780906	-1.10277
0.77746	-1.11328
0.773981	-1.12397
0.770469	-1.13484
0.766922	-1.14589
0.763341	-1.15714
0.759725	-1.16858
0.757899	-1.17439
0.756064	-1.18026
0.75422	-1.18619
0.752367	-1.19216
0.750504	-1.19818
0.748632	-1.20426
0.74675	-1.21039
0.744859	-1.21658
0.742958	-1.22282
0.741047	-1.22912
0.739127	-1.23547
0.737196	-1.24188
0.735256	-1.24835
0.733305	-1.25487
0.731345	-1.26146
0.729374	-1.2681
0.727392	-1.27481
0.7254	-1.28157
0.723398	-1.2884
0.721385	-1.29528
0.719361	-1.30224
0.717326	-1.30925
0.715281	-1.31633
0.713224	-1.32347
0.711156	-1.33068
0.709077	-1.33796
0.706986	-1.34531
0.704884	-1.35272
0.70277	-1.3602
0.700645	-1.36775
0.698508	-1.37538
0.696359	-1.38307
0.694198	-1.39084
0.692025	-1.39868
0.689839	-1.40659
0.687641	-1.41458
0.685431	-1.42265
0.683208	-1.43079
0.680973	-1.43901
0.678724	-1.44731
0.676463	-1.45569
0.674188	-1.46414
0.671901	-1.47269
0.6696	-1.48131
0.667285	-1.49002
0.664957	-1.49881
0.662615	-1.50768
0.660259	-1.51665
0.657889	-1.5257
0.655506	-1.53484
0.653107	-1.54407
0.650695	-1.55339
0.648268	-1.56281
0.645826	-1.57231
0.643369	-1.58192
0.640897	-1.59161
0.63841	-1.60141
0.635908	-1.6113
0.63339	-1.62129
0.630857	-1.63138
0.628308	-1.64157
0.625743	-1.65187
0.623162	-1.66227
0.620565	-1.67278
0.617951	-1.68339
0.615321	-1.69411
0.612674	-1.70494
0.61001	-1.71588
0.607329	-1.72693
0.60463	-1.7381
0.601915	-1.74938
0.599181	-1.76078
0.59643	-1.7723
0.593661	-1.78394
0.590873	-1.7957
0.588068	-1.80758
0.585243	-1.81958
0.5824	-1.83171
0.579538	-1.84397
0.576657	-1.85635
0.573756	-1.86887
0.570836	-1.88152
0.567896	-1.8943
0.564937	-1.90722
0.561956	-1.92028
0.558956	-1.93348
0.555935	-1.94681
0.552893	-1.96029
0.54983	-1.97391
0.546746	-1.98768
0.54364	-2.0016
0.540513	-2.01567
0.537363	-2.02989
0.534191	-2.04427
0.530997	-2.0588
0.52778	-2.07349
0.524541	-2.08834
0.521278	-2.10335
0.517991	-2.11852
0.514681	-2.13386
0.511347	-2.14937
0.507988	-2.16505
0.504605	-2.18091
0.501198	-2.19694
0.497765	-2.21314
0.494307	-2.22953
0.490823	-2.24609
0.487314	-2.26284
0.483778	-2.27978
0.480216	-2.29691
0.476627	-2.31423
0.473011	-2.33174
0.469368	-2.34945
0.467532	-2.3584
0.46569	-2.3674
0.46384	-2.37646
0.461984	-2.38556
0.46012	-2.39472
0.458249	-2.40393
0.456371	-2.41319
0.454486	-2.4225
0.452593	-2.43187
0.450693	-2.44128
0.448786	-2.45076
0.446871	-2.46028
0.444949	-2.46986
0.44302	-2.47949
0.441083	-2.48918
0.439138	-2.49892
0.437186	-2.50872
0.435226	-2.51857
0.433258	-2.52848
0.431283	-2.53845
0.429299	-2.54847
0.427308	-2.55855
0.42531	-2.56869
0.423303	-2.57888
0.421288	-2.58914
0.419265	-2.59945
0.417234	-2.60982
0.415196	-2.62025
0.413148	-2.63074
0.411093	-2.64129
0.40903	-2.6519
0.406958	-2.66257
0.404878	-2.6733
0.402789	-2.68409
0.400692	-2.69495
0.398587	-2.70587
0.396473	-2.71685
0.39435	-2.72789
0.392219	-2.739
0.390079	-2.75017
0.387931	-2.7614
0.385773	-2.7727
0.383607	-2.78406
0.381432	-2.79549
0.379248	-2.80699
0.377055	-2.81855
0.374853	-2.83018
0.372642	-2.84187
0.370422	-2.85364
0.368193	-2.86547
0.365954	-2.87736
0.363706	-2.88933
0.361449	-2.90137
0.359182	-2.91347
0.356906	-2.92565
0.35462	-2.9379
0.352325	-2.95021
0.35002	-2.9626
0.347706	-2.97506
0.345381	-2.98759
0.343047	-3.00019
0.340703	-3.01287
0.33835	-3.02562
0.335986	-3.03844
0.333612	-3.05134
0.331228	-3.06431
0.328834	-3.07736
0.32643	-3.09048
0.324016	-3.10368
0.321591	-3.11695
0.319156	-3.1303
0.31671	-3.14373
0.314254	-3.15724
0.311788	-3.17082
0.30931	-3.18448
0.306822	-3.19822
0.304324	-3.21204
0.301814	-3.22594
0.299294	-3.23992
0.296763	-3.25399
0.294221	-3.26813
0.291668	-3.28235
0.289103	-3.29665
0.286528	-3.31104
0.283941	-3.32551
0.281343	-3.34007
0.278733	-3.3547
0.276113	-3.36942
0.27348	-3.38423
0.270836	-3.39912
0.268181	-3.4141
0.265513	-3.42916
0.262834	-3.44431
0.260144	-3.45954
0.257441	-3.47486
0.254726	-3.49027
0.251999	-3.50577
0.24926	-3.52136
0.246509	-3.53704
0.243746	-3.5528
0.24097	-3.56865
0.238182	-3.5846
0.235382	-3.60064
0.232569	-3.61676
0.229743	-3.63298
0.226905	-3.64929
0.224054	-3.66569
0.22119	-3.68219
0.218314	-3.69878
0.215424	-3.71546
0.212521	-3.73224
0.209605	-3.74911
0.206676	-3.76607
0.203734	-3.78313
0.200779	-3.80029
0.19781	-3.81754
0.194827	-3.83489
0.191831	-3.85234
0.188821	-3.86988
0.185798	-3.88752
0.182761	-3.90526
0.17971	-3.9231
0.176645	-3.94103
0.173566	-3.95907
0.170473	-3.9772
0.167366	-3.99544
0.164245	-4.01377
0.161109	-4.03221
0.157959	-4.05074
0.154794	-4.06938
0.151615	-4.08812
0.148421	-4.10696
0.145212	-4.1259
0.141989	-4.14495
0.138751	-4.1641
0.135498	-4.18335
0.132229	-4.20271
0.128946	-4.22217
0.125647	-4.24173
0.122334	-4.2614
0.119004	-4.28117
0.11566	-4.30104
0.112299	-4.32103
0.108924	-4.34111
0.105532	-4.36131
0.102125	-4.3816
0.0987017	-4.40201
0.0952627	-4.42252
0.0918076	-4.44314
0.0883364	-4.46386
0.084849	-4.48469
0.0813453	-4.50563
0.0778253	-4.52667
0.0742888	-4.54782
0.0707359	-4.56908
0.0671663	-4.59045
0.06358	-4.61192
0.0599769	-4.6335
0.056357	-4.65519
0.0527201	-4.67698
0.0490662	-4.69889
0.0453952	-4.7209
0.041707	-4.74302
0.0380015	-4.76524
0.0342787	-4.78758
0.0305384	-4.81002
0.0267806	-4.83257
0.0230051	-4.85523
0.019212	-4.87799
0.0154011	-4.90087
0.0115722	-4.92384
0.0077255	-4.94693
0.00386071	-4.97012
-2.22037e-05	-4.99342
-0.00392332	-5.01683
-0.00784272	-5.04034
-0.0117805	-5.06396
-0.0157367	-5.08769
-0.0197115	-5.11152
-0.0237048	-5.13545
-0.0277169	-5.15949
-0.0317478	-5.18364
-0.0357975	-5.20789
-0.0398661	-5.23224
-0.0439538	-5.2567
-0.0480606	-5.28126
-0.0521866	-5.30592
-0.0563319	-5.33068
-0.0604964	-5.35554
-0.0646805	-5.38051
-0.068884	-5.40557
-0.0731071	-5.43074
-0.0773499	-5.456
-0.0816124	-5.48136
-0.0858947	-5.50682
-0.0901969	-5.53238
-0.0945191	-5.55803
-0.0988613	-5.58378
-0.103224	-5.60962
-0.107606	-5.63555
-0.112009	-5.66158
-0.116432	-5.6877
-0.120876	-5.71391
-0.125339	-5.7402
-0.129824	-5.76659
-0.134329	-5.79306
-0.138855	-5.81962
-0.143402	-5.84627
-0.147969	-5.873
-0.152557	-5.89981
-0.157166	-5.9267
-0.161797	-5.95367
-0.166448	-5.98073
-0.17112	-6.00785
-0.175814	-6.03506
-0.180529	-6.06233
-0.185265	-6.08968
-0.190023	-6.1171
-0.194802	-6.14459
-0.199602	-6.17215
-0.204424	-6.19978
-0.209268	-6.22746
-0.214133	-6.25521
-0.21902	-6.28302
-0.223928	-6.31089
-0.228859	-6.33881
-0.233811	-6.36679
-0.238785	-6.39482
-0.248777	-6.45098
-0.258857	-6.50733
-0.269024	-6.56384
-0.27928	-6.6205
-0.289625	-6.67729
-0.300058	-6.73419
-0.31058	-6.79117
-0.321192	-6.84821
-0.331892	-6.90529
-0.342681	-6.96238
-0.35356	-7.01945
-0.364528	-7.07648
-0.375585	-7.13343
-0.386731	-7.19029
-0.397966	-7.24701
-0.409289	-7.30357
-0.414995	-7.33175
-0.420723	-7.35987
-0.426473	-7.38794
-0.432245	-7.41594
-0.438039	-7.44387
-0.443854	-7.47172
-0.449691	-7.4995
-0.45555	-7.52719
-0.461431	-7.5548
-0.467333	-7.58231
-0.473257	-7.60973
-0.479202	-7.63704
-0.485168	-7.66424
-0.491156	-7.69133
-0.497165	-7.7183
-0.503195	-7.74515
-0.509246	-7.77187
-0.515318	-7.79846
-0.52141	-7.8249
-0.527523	-7.8512
-0.533657	-7.87735
-0.539811	-7.90334
-0.545986	-7.92917
-0.55218	-7.95484
-0.558395	-7.98032
-0.56463	-8.00563
-0.570884	-8.03075
-0.577158	-8.05568
-0.580305	-8.06805
-0.583456	-8.08036
-0.586613	-8.09263
-0.589774	-8.10484
-0.59294	-8.117
-0.596111	-8.1291
-0.599286	-8.14115
-0.602466	-8.15314
-0.605651	-8.16508
-0.608841	-8.17696
-0.612035	-8.18878
-0.615233	-8.20055
-0.618437	-8.21225
-0.621645	-8.2239
-0.624857	-8.23548
-0.628074	-8.247
-0.631296	-8.25846
-0.634522	-8.26986
-0.637752	-8.28119
-0.640987	-8.29245
-0.644226	-8.30365
-0.64747	-8.31479
-0.650718	-8.32585
-0.65397	-8.33685
-0.657226	-8.34777
-0.660487	-8.35863
-0.663752	-8.36942
-0.667022	-8.38013
-0.670295	-8.39077
-0.673573	-8.40134
-0.676855	-8.41184
-0.680141	-8.42226
-0.68343	-8.4326
-0.686724	-8.44286
-0.690022	-8.45305
-0.693324	-8.46316
-0.69663	-8.47319
-0.69994	-8.48314
-0.703254	-8.49301
-0.706571	-8.50279
-0.709893	-8.5125
-0.713218	-8.52212
-0.716547	-8.53165
-0.71988	-8.5411
-0.723216	-8.55046
-0.726556	-8.55974
-0.7299	-8.56893
-0.733247	-8.57803
-0.736598	-8.58704
-0.739952	-8.59595
-0.74331	-8.60478
-0.746671	-8.61352
-0.750036	-8.62216
-0.753404	-8.6307
-0.756775	-8.63916
-0.76015	-8.64751
-0.763528	-8.65577
-0.766909	-8.66393
-0.770293	-8.672
-0.773681	-8.67996
-0.777071	-8.68783
-0.780465	-8.69559
-0.783862	-8.70325
-0.787262	-8.71081
-0.790664	-8.71826
-0.79407	-8.72561
-0.797478	-8.73286
-0.800889	-8.74
-0.804304	-8.74703
-0.80772	-8.75396
-0.81114	-8.76077
-0.814562	-8.76748
-0.817987	-8.77407
-0.821414	-8.78056
-0.824844	-8.78693
-0.828276	-8.79319
-0.831711	-8.79934
-0.835149	-8.80537
-0.838588	-8.81129
-0.84203	-8.81709
-0.845474	-8.82277
-0.848921	-8.82834
-0.852369	-8.83379
-0.85582	-8.83912
-0.859273	-8.84433
-0.862728	-8.84942
-0.866184	-8.85438
-0.869643	-8.85923
-0.873104	-8.86395
-0.876566	-8.86854
-0.88003	-8.87302
-0.883496	-8.87736
-0.886964	-8.88158
-0.890434	-8.88568
-0.893905	-8.88964
-0.897377	-8.89348
-0.900851	-8.89719
-0.904327	-8.90077
-0.907803	-8.90421
-0.911282	-8.90753
-0.914761	-8.91071
-0.918242	-8.91377
-0.921724	-8.91668
-0.925207	-8.91947
-0.928691	-8.92212
-0.932176	-8.92463
-0.935662	-8.92701
-0.93915	-8.92925
-0.942638	-8.93135
-0.946126	-8.93331
-0.949616	-8.93514
-0.953106	-8.93682
-0.956597	-8.93837
-0.960089	-8.93978
-0.963581	-8.94104
-0.967073	-8.94216
-0.970566	-8.94314
-0.97406	-8.94398
-0.977554	-8.94467
-0.981048	-8.94522
-0.984542	-8.94562
-0.988036	-8.94588
-0.991531	-8.946
-0.995025	-8.94596
-0.99852	-8.94578
-1.00201	-8.94545
-1.00551	-8.94498
-1.009	-8.94435
-1.0125	-8.94358
-1.01599	-8.94266
-1.01948	-8.94158
-1.02298	-8.94036
-1.02647	-8.93899
-1.02996	-8.93746
-1.03345	-8.93579
-1.03694	-8.93396
-1.04043	-8.93198
-1.04392	-8.92984
-1.04741	-8.92756
-1.0509	-8.92512
-1.05438	-8.92252
-1.05787	-8.91978
-1.06135	-8.91687
-1.06484	-8.91381
-1.06832	-8.9106
-1.0718	-8.90723
-1.07528	-8.90371
-1.07876	-8.90003
-1.08223	-8.89619
-1.08571	-8.8922
-1.08918	-8.88805
-1.09265	-8.88374
-1.09612	-8.87928
-1.09959	-8.87466
-1.10306	-8.86988
-1.10652	-8.86494
-1.10999	-8.85985
-1.11345	-8.8546
-1.11691	-8.84919
-1.12036	-8.84362
-1.12382	-8.83789
-1.12727	-8.832
-1.13072	-8.82596
-1.13417	-8.81976
-1.13761	-8.81339
-1.14105	-8.80687
-1.14449	-8.80019
-1.14793	-8.79336
-1.15137	-8.78636
-1.1548	-8.7792
-1.15823	-8.77189
-1.16166	-8.76441
-1.16508	-8.75678
-1.1685	-8.74899
-1.17192	-8.74104
-1.17533	-8.73294
-1.17874	-8.72467
-1.18215	-8.71625
-1.18556	-8.70766
-1.18896	-8.69893
-1.19236	-8.69003
-1.19575	-8.68097
-1.19914	-8.67176
-1.20253	-8.66239
-1.20591	-8.65287
-1.20929	-8.64318
-1.21267	-8.63334
-1.21604	-8.62335
-1.21941	-8.6132
-1.22277	-8.60289
-1.22613	-8.59243
-1.22949	-8.58181
-1.23284	-8.57104
-1.23619	-8.56011
-1.23953	-8.54904
-1.24287	-8.5378
-1.24621	-8.52642
-1.24954	-8.51488
-1.25287	-8.50319
-1.25619	-8.49134
-1.2595	-8.47935
-1.26282	-8.46721
-1.26612	-8.45491
-1.26943	-8.44247
-1.27272	-8.42987
-1.27602	-8.41713
-1.27931	-8.40424
-1.28259	-8.3912
-1.28587	-8.37801
-1.28914	-8.36468
-1.29241	-8.3512
-1.29567	-8.33757
-1.29893	-8.3238
-1.30218	-8.30989
-1.30542	-8.29583
-1.30866	-8.28163
-1.3119	-8.26729
-1.31513	-8.2528
-1.31835	-8.23818
-1.32157	-8.22341
-1.32478	-8.20851
-1.32799	-8.19346
-1.33119	-8.17828
-1.33438	-8.16296
-1.33757	-8.14751
-1.34075	-8.13192
-1.34393	-8.11619
-1.3471	-8.10033
-1.35027	-8.08434
-1.35342	-8.06821
-1.35658	-8.05195
-1.35972	-8.03557
-1.36286	-8.01905
-1.36599	-8.0024
-1.36912	-7.98563
-1.37224	-7.96873
-1.37535	-7.9517
-1.37846	-7.93454
-1.38156	-7.91727
-1.38465	-7.89986
-1.38773	-7.88234
-1.39081	-7.8647
-1.39389	-7.84693
-1.39695	-7.82904
-1.40001	-7.81104
-1.40306	-7.79292
-1.4061	-7.77468
-1.40914	-7.75632
-1.41217	-7.73785
-1.41519	-7.71927
-1.41821	-7.70058
-1.42122	-7.68177
-1.42422	-7.66285
-1.42721	-7.64383
-1.4302	-7.62469
-1.43318	-7.60545
-1.43615	-7.5861
-1.43911	-7.56665
-1.44207	-7.54709
-1.44501	-7.52744
-1.44795	-7.50768
-1.45089	-7.48781
-1.45381	-7.46785
-1.45673	-7.4478
-1.45964	-7.42764
-1.46254	-7.40739
-1.46543	-7.38704
-1.46832	-7.3666
-1.4712	-7.34607
-1.47407	-7.32545
-1.47693	-7.30474
-1.47978	-7.28393
-1.48263	-7.26305
-1.48546	-7.24207
-1.48829	-7.22101
-1.49111	-7.19986
-1.49392	-7.17864
-1.49673	-7.15733
-1.49952	-7.13594
-1.50231	-7.11447
-1.50509	-7.09293
-1.50786	-7.0713
-1.51062	-7.04961
-1.51338	-7.02783
-1.51612	-7.00599
-1.51886	-6.98407
-1.52159	-6.96209
-1.52431	-6.94003
-1.52702	-6.91791
-1.52972	-6.89572
-1.53241	-6.87346
-1.5351	-6.85114
-1.53778	-6.82876
-1.54044	-6.80632
-1.5431	-6.78382
-1.54575	-6.76125
-1.54839	-6.73863
-1.55103	-6.71596
-1.55365	-6.69322
-1.55626	-6.67044
-1.55887	-6.6476
-1.56147	-6.62471
-1.56405	-6.60177
-1.56921	-6.55579
-1.57433	-6.50962
-1.57942	-6.46328
-1.58447	-6.41676
-1.58948	-6.37009
-1.59446	-6.32327
-1.5994	-6.27631
-1.6043	-6.22922
-1.60917	-6.18202
-1.614	-6.1347
-1.61879	-6.08729
-1.62355	-6.03978
-1.62826	-5.9922
-1.63295	-5.94455
-1.63759	-5.89683
-1.6422	-5.84907
-1.65134	-5.75346
-1.66033	-5.65773
-1.66917	-5.56196
-1.67786	-5.46622
-1.6864	-5.37057
-1.69059	-5.32284
-1.69475	-5.27515
-1.69887	-5.22754
-1.70296	-5.17999
-1.707	-5.13252
-1.71101	-5.08515
-1.71499	-5.03786
-1.71892	-4.99068
-1.72282	-4.94361
-1.72668	-4.89666
-1.73051	-4.84983
-1.7343	-4.80313
-1.73805	-4.75657
-1.74177	-4.71016
-1.74545	-4.66389
-1.74909	-4.61779
-1.7527	-4.57184
-1.75627	-4.52607
-1.75981	-4.48048
-1.76331	-4.43506
-1.76677	-4.38983
-1.7702	-4.3448
-1.7719	-4.32238
-1.77359	-4.30001
-1.77527	-4.2777
-1.77694	-4.25543
-1.7786	-4.23322
-1.78025	-4.21106
-1.7819	-4.18895
-1.78353	-4.1669
-1.78516	-4.14491
-1.78678	-4.12296
-1.78839	-4.10108
-1.78999	-4.07925
-1.79159	-4.05748
-1.79317	-4.03576
-1.79475	-4.01411
-1.79632	-3.99251
-1.79788	-3.97097
-1.79943	-3.94949
-1.80097	-3.92808
-1.8025	-3.90672
-1.80403	-3.88542
-1.80555	-3.86418
-1.80706	-3.84301
-1.80856	-3.8219
-1.81005	-3.80085
-1.81154	-3.77987
-1.81301	-3.75895
-1.81448	-3.73809
-1.81594	-3.7173
-1.81739	-3.69657
-1.81884	-3.67591
-1.82027	-3.65531
-1.8217	-3.63478
-1.82312	-3.61432
-1.82453	-3.59392
-1.82594	-3.57359
-1.82733	-3.55333
-1.82872	-3.53313
-1.8301	-3.51301
-1.83147	-3.49295
-1.83284	-3.47296
-1.83419	-3.45304
-1.83554	-3.43319
-1.83688	-3.41341
-1.83822	-3.3937
-1.83954	-3.37406
-1.84086	-3.35449
-1.84217	-3.33499
-1.84347	-3.31556
-1.84477	-3.2962
-1.84606	-3.27691
-1.84734	-3.2577
-1.84861	-3.23856
-1.84987	-3.21949
-1.85113	-3.20049
-1.85238	-3.18156
-1.85362	-3.16271
-1.85486	-3.14393
-1.85609	-3.12522
-1.85731	-3.10659
-1.85852	-3.08802
-1.85973	-3.06954
-1.86093	-3.05112
-1.86212	-3.03278
-1.8633	-3.01452
-1.86448	-2.99632
-1.86565	-2.97821
-1.86682	-2.96016
-1.86797	-2.94219
-1.86912	-2.9243
-1.87026	-2.90647
-1.8714	-2.88873
-1.87253	-2.87106
-1.87365	-2.85346
-1.87476	-2.83594
-1.87587	-2.81849
-1.87697	-2.80112
-1.87807	-2.78382
-1.87915	-2.7666
-1.88023	-2.74945
-1.88131	-2.73238
-1.88238	-2.71538
-1.88344	-2.69846
-1.88449	-2.68162
-1.88554	-2.66484
-1.88658	-2.64815
-1.88761	-2.63153
-1.88864	-2.61498
-1.88966	-2.59851
-1.89068	-2.58212
-1.89169	-2.5658
-1.89269	-2.54955
-1.89368	-2.53338
-1.89467	-2.51729
-1.89566	-2.50127
-1.89663	-2.48532
-1.89761	-2.46945
-1.89857	-2.45366
-1.89953	-2.43794
-1.90048	-2.42229
-1.90143	-2.40672
-1.90237	-2.39123
-1.9033	-2.37581
-1.90423	-2.36046
-1.90515	-2.34519
-1.90607	-2.32999
-1.90698	-2.31487
-1.90788	-2.29982
-1.90878	-2.28484
-1.90967	-2.26994
-1.91056	-2.25511
-1.91144	-2.24036
-1.91232	-2.22568
-1.91318	-2.21107
-1.91405	-2.19654
-1.91491	-2.18208
-1.91576	-2.16769
-1.91661	-2.15338
-1.91745	-2.13914
-1.91828	-2.12497
-1.91911	-2.11087
-1.91994	-2.09685
-1.92076	-2.0829
-1.92157	-2.06902
-1.92238	-2.05521
-1.92318	-2.04148
-1.92398	-2.02781
-1.92477	-2.01422
-1.92556	-2.0007
-1.92634	-1.98725
-1.92712	-1.97387
-1.92789	-1.96057
-1.92865	-1.94733
-1.92941	-1.93416
-1.93017	-1.92107
-1.93092	-1.90804
-1.93166	-1.89508
-1.9324	-1.8822
-1.93314	-1.86938
-1.93387	-1.85664
-1.93459	-1.84396
-1.93532	-1.83135
-1.93603	-1.81881
-1.93674	-1.80634
-1.93745	-1.79393
-1.93815	-1.7816
-1.93884	-1.76933
-1.93953	-1.75713
-1.94022	-1.745
-1.9409	-1.73294
-1.94158	-1.72094
-1.94225	-1.70901
-1.94292	-1.69715
-1.94358	-1.68535
-1.94424	-1.67362
-1.94489	-1.66196
-1.94554	-1.65036
-1.94619	-1.63882
-1.94683	-1.62736
-1.94746	-1.61595
-1.9481	-1.60462
-1.94872	-1.59334
-1.94934	-1.58214
-1.94996	-1.57099
-1.95058	-1.55991
-1.95119	-1.5489
-1.95179	-1.53794
-1.95239	-1.52705
-1.95299	-1.51623
-1.95358	-1.50546
-1.95417	-1.49476
-1.95475	-1.48412
-1.95533	-1.47355
-1.95591	-1.46303
-1.95648	-1.45258
-1.95705	-1.44219
-1.95761	-1.43186
-1.95817	-1.42159
-1.95872	-1.41138
-1.95928	-1.40123
-1.95982	-1.39114
-1.96037	-1.38112
-1.96091	-1.37115
-1.96144	-1.36124
-1.96197	-1.35139
-1.9625	-1.3416
-1.96303	-1.33186
-1.96355	-1.32219
-1.96406	-1.31257
-1.96457	-1.30302
-1.96508	-1.29352
-1.96559	-1.28407
-1.96609	-1.27469
-1.96659	-1.26536
-1.96708	-1.25609
-1.96757	-1.24687
-1.96806	-1.23771
-1.96854	-1.22861
-1.96902	-1.21956
-1.9695	-1.21057
-1.96997	-1.20163
-1.97044	-1.19275
-1.97091	-1.18392
-1.97137	-1.17514
-1.97183	-1.16642
-1.97229	-1.15776
-1.97274	-1.14915
-1.97319	-1.14059
-1.97363	-1.13208
-1.97407	-1.12363
-1.97451	-1.11523
-1.97495	-1.10688
-1.97538	-1.09858
-1.97581	-1.09034
-1.97624	-1.08215
-1.97666	-1.07401
-1.97708	-1.06592
-1.97749	-1.05788
-1.97791	-1.04989
-1.97832	-1.04195
-1.97873	-1.03406
-1.97953	-1.01838
-1.98033	-1.00291
-1.98111	-0.987624
-1.98188	-0.972536
-1.98264	-0.95764
-1.98339	-0.942934
-1.98413	-0.928417
-1.98485	-0.914086
-1.98557	-0.89994
-1.98627	-0.885976
-1.98696	-0.872193
-1.98764	-0.858588
-1.98832	-0.845159
-1.98898	-0.831905
-1.98963	-0.818824
-1.99027	-0.805914
-1.99089	-0.793173
-1.99151	-0.780598
-1.99212	-0.768189
-1.99272	-0.755944
-1.99332	-0.743859
-1.9939	-0.731934
-1.99447	-0.720168
-1.99503	-0.708557
-1.99558	-0.6971
-1.99613	-0.685795
-1.99666	-0.674642
-1.99719	-0.663637
-1.99771	-0.652779
-1.99822	-0.642067
-1.99872	-0.631498
-1.99922	-0.621071
-1.9997	-0.610785
-2.00018	-0.600637
-2.00065	-0.590625
-2.00111	-0.58075
-2.00156	-0.571007
-2.00201	-0.561397
-2.00245	-0.551917
-2.00288	-0.542566
-2.0033	-0.533342
-2.00372	-0.524244
-2.00413	-0.51527
-2.00453	-0.506418
-2.00493	-0.497688
-2.00531	-0.489077
-2.0057	-0.480583
-2.00607	-0.472207
-2.00644	-0.463945
-2.0068	-0.455797
-2.00716	-0.447762
-2.00751	-0.439837
-2.00785	-0.432021
-2.00819	-0.424314
-2.00852	-0.416712
-2.00885	-0.409216
-2.00917	-0.401824
-2.00948	-0.394535
-2.00979	-0.387347
-2.01009	-0.380258
-2.01039	-0.373268
-2.01068	-0.366376
-2.01097	-0.359579
-2.01125	-0.352877
-2.01152	-0.346269
-2.01179	-0.339753
-2.01206	-0.333328
-2.01232	-0.326993
-2.01258	-0.320747
-2.01283	-0.314588
-2.01307	-0.308516
-2.01331	-0.302529
-2.01355	-0.296626
-2.01378	-0.290806
-2.01401	-0.285068
-2.01423	-0.27941
-2.01445	-0.273833
-2.01466	-0.268334
-2.01487	-0.262912
-2.01508	-0.257567
-2.01528	-0.252298
-2.01548	-0.247103
-2.01567	-0.241982
-2.01586	-0.236933
-2.01604	-0.231955
-2.01623	-0.227048
-2.0164	-0.222211
-2.01658	-0.217442
-2.01675	-0.212741
-2.01691	-0.208107
-2.01707	-0.203538
-2.01723	-0.199035
-2.01739	-0.194595
-2.01754	-0.190219
-2.01769	-0.185905
-2.01784	-0.181652
-2.01798	-0.17746
-2.01812	-0.173328
-2.01825	-0.169255
-2.01838	-0.16524
-2.01851	-0.161282
-2.01864	-0.157381
-2.01876	-0.153535
-2.01888	-0.149745
-2.019	-0.146008
-2.01911	-0.142326
-2.01922	-0.138696
-2.01933	-0.135117
-2.01944	-0.13159
-2.01954	-0.128114
-2.01974	-0.121261
-2.01993	-0.114604
-2.02011	-0.108139
-2.02028	-0.101859
-2.02044	-0.0957599
-2.02059	-0.089836
-2.02073	-0.0840824
-2.02086	-0.0784945
-2.02098	-0.0730676
-2.0211	-0.067797
-2.0212	-0.0626783
-2.0213	-0.0577073
-2.02139	-0.0528796
-2.02147	-0.0481913
-2.02155	-0.0436384
-2.02162	-0.0392169
-2.02168	-0.0349232
-2.02173	-0.0307536
-2.02178	-0.0267045
-2.02182	-0.0227725
-2.02186	-0.0189542
-2.02189	-0.0152463
-2.02191	-0.0116457
-2.02193	-0.00814933
-2.02194	-0.00475413
-2.02195	-0.00145721
-2.02195	0.00174428
-2.02195	0.00485308
-2.02194	0.00787186
-2.02193	0.0108032
-2.02191	0.0136497
-2.02189	0.0164138
-2.02186	0.0190978
-2.02183	0.0217041
-2.0218	0.0242349
-2.02176	0.0266925
-2.02172	0.0290788
-2.02168	0.0313961
-2.02163	0.0336463
-2.02157	0.0358314
-2.02152	0.0379532
-2.02146	0.0400136
-2.0214	0.0420143
-2.02133	0.0439572
-2.02126	0.0458439
-2.02119	0.047676
-2.02112	0.0494552
-2.02104	0.0511829
-2.02088	0.0545384
-2.02071	0.0577
-2.02053	0.060679
-2.02034	0.0634861
-2.02014	0.0661312
-2.01993	0.0686239
-2.01972	0.070973
-2.0195	0.0731869
-2.01927	0.0752735
-2.01903	0.0772403
-2.01879	0.0790942
-2.01854	0.0808419
-2.01829	0.0824895
-2.01803	0.084043
-2.01777	0.0855077
-2.0175	0.086889
-2.01723	0.0881916
-2.01696	0.0894202
-2.01668	0.0905791
-2.01639	0.0916724
-2.01611	0.0927039
-2.01582	0.0936772
-2.01553	0.0945957
-2.01523	0.0954626
-2.01463	0.0970993
-2.01403	0.0985532
-2.01341	0.0998456
-2.01279	0.100995
-2.01216	0.102019
-2.01152	0.102931
-2.01087	0.103745
-2.01023	0.104472
-2.00957	0.105122
-2.00892	0.105704
-2.00826	0.106227
-2.00759	0.106696
-2.00626	0.107541
-2.00491	0.10822
-2.00356	0.108772
-2.0022	0.109227
-2.00084	0.109606
-1.99947	0.109928
-1.99672	0.110482
-1.99396	0.110901
-1.99118	0.111246
-1.98562	0.111858
-1.98003	0.11239
-1.96879	0.113451
